YOB,Born,Alive
1900,0,0
1901,0,0
1902,0,0
1903,0,0
1904,0,0
1905,0,0
1906,5,0
1907,0,0
1908,0,0
1909,0,0
1910,0,0
1911,0,0
1912,0,0
1913,6,0
1914,5,0
1915,7,0
1916,9,0
1917,0,0
1918,6,0
1919,0,0
1920,8,0
1921,8,0
1922,8,0
1923,18,1
1924,13,0
1925,17,1
1926,12,1
1927,16,1
1928,16,1
1929,12,1
1930,15,1
1931,18,2
1932,15,2
1933,11,2
1934,5,1
1935,8,2
1936,8,2
1937,0,0
1938,13,4
1939,13,5
1940,11,4
1941,14,6
1942,10,5
1943,7,3
1944,12,6
1945,14,7
1946,10,6
1947,13,8
1948,17,10
1949,16,10
1950,12,8
1951,5,3
1952,13,9
1953,15,11
1954,7,5
1955,11,8
1956,11,8
1957,12,9
1958,10,8
1959,11,9
1960,7,6
1961,17,14
1962,8,7
1963,13,11
1964,19,16
1965,14,12
1966,0,0
1967,5,4
1968,5,4
1969,5,4
1970,12,11
1971,12,11
1972,14,13
1973,10,9
1974,0,0
1975,9,8
1976,9,8
1977,9,8
1978,9,8
1979,8,8
1980,0,0
1981,7,7
1982,6,6
1983,12,11
1984,7,7
1985,11,11
1986,13,12
1987,0,0
1988,8,8
1989,10,10
1990,7,7
1991,7,7
1992,6,6
1993,5,5
1994,0,0
1995,8,8
1996,12,12
1997,6,6
1998,0,0
1999,0,0
2000,8,8
2001,10,10
2002,6,6
2003,0,0
2004,7,7
2005,5,5
2006,0,0
2007,8,8
2008,8,8
2009,6,6
2010,0,0
2011,5,5
2012,0,0
2013,0,0
2014,0,0
2015,0,0
2016,0,0
2017,0,0
2018,0,0
2019,0,0
2020,0,0