YOB,Born,Alive
1900,98,0
1901,49,0
1902,64,0
1903,66,0
1904,65,0
1905,58,0
1906,69,0
1907,77,0
1908,77,0
1909,58,0
1910,103,0
1911,76,0
1912,141,0
1913,164,0
1914,217,1
1915,296,1
1916,304,1
1917,352,2
1918,477,3
1919,548,4
1920,710,5
1921,798,18
1922,787,29
1923,916,48
1924,1168,78
1925,1367,112
1926,1780,172
1927,1970,220
1928,2093,265
1929,2102,297
1930,2242,350
1931,2318,436
1932,2426,534
1933,2220,559
1934,2477,703
1935,2388,754
1936,2409,837
1937,2363,896
1938,2204,906
1939,2244,994
1940,2082,989
1941,2074,1035
1942,2203,1153
1943,2274,1246
1944,2133,1221
1945,2175,1297
1946,2492,1547
1947,2514,1622
1948,1960,1312
1949,1466,1017
1950,977,702
1951,806,589
1952,756,562
1953,695,525
1954,697,535
1955,799,623
1956,1018,807
1957,1814,1460
1958,2522,2062
1959,2824,2344
1960,2721,2292
1961,2501,2124
1962,2166,1854
1963,1845,1592
1964,1434,1247
1965,1000,877
1966,684,604
1967,533,475
1968,478,429
1969,426,385
1970,406,370
1971,325,297
1972,220,202
1973,208,192
1974,170,158
1975,168,157
1976,139,130
1977,120,113
1978,110,104
1979,118,112
1980,106,101
1981,84,80
1982,91,87
1983,89,85
1984,76,73
1985,73,70
1986,62,60
1987,56,54
1988,57,55
1989,56,54
1990,53,52
1991,66,64
1992,42,41
1993,38,37
1994,37,36
1995,30,29
1996,31,30
1997,33,32
1998,21,21
1999,16,16
2000,31,31
2001,19,19
2002,17,17
2003,9,9
2004,19,19
2005,24,24
2006,11,11
2007,8,8
2008,23,23
2009,22,22
2010,10,10
2011,14,14
2012,8,8
2013,19,19
2014,6,6
2015,14,14
2016,13,13
2017,18,18