YOB,Born,Alive
1900,0,0
1901,0,0
1902,0,0
1903,0,0
1904,0,0
1905,0,0
1906,0,0
1907,0,0
1908,0,0
1909,0,0
1910,0,0
1911,0,0
1912,0,0
1913,0,0
1914,0,0
1915,0,0
1916,0,0
1917,0,0
1918,0,0
1919,0,0
1920,0,0
1921,0,0
1922,0,0
1923,0,0
1924,0,0
1925,0,0
1926,0,0
1927,0,0
1928,0,0
1929,0,0
1930,0,0
1931,0,0
1932,0,0
1933,0,0
1934,0,0
1935,0,0
1936,0,0
1937,0,0
1938,0,0
1939,0,0
1940,0,0
1941,0,0
1942,0,0
1943,0,0
1944,0,0
1945,0,0
1946,0,0
1947,0,0
1948,0,0
1949,0,0
1950,0,0
1951,0,0
1952,0,0
1953,0,0
1954,0,0
1955,0,0
1956,0,0
1957,0,0
1958,0,0
1959,0,0
1960,0,0
1961,0,0
1962,0,0
1963,0,0
1964,0,0
1965,0,0
1966,0,0
1967,0,0
1968,0,0
1969,0,0
1970,0,0
1971,0,0
1972,0,0
1973,0,0
1974,0,0
1975,0,0
1976,0,0
1977,0,0
1978,0,0
1979,0,0
1980,0,0
1981,0,0
1982,0,0
1983,5,5
1984,0,0
1985,9,9
1986,11,11
1987,8,8
1988,9,9
1989,5,5
1990,10,10
1991,15,15
1992,12,12
1993,16,16
1994,17,17
1995,19,19
1996,30,29
1997,20,20
1998,28,27
1999,30,29
2000,43,42
2001,38,37
2002,37,36
2003,64,63
2004,66,65
2005,72,71
2006,81,80
2007,91,90
2008,97,96
2009,123,122
2010,152,151
2011,225,223
2012,178,177
2013,209,208
2014,196,195
2015,202,201
2016,249,248
2017,261,260
2018,255,254
2019,177,176
2020,152,151