YOB,Born,Alive
1900,0,0
1901,0,0
1902,0,0
1903,0,0
1904,0,0
1905,0,0
1906,0,0
1907,0,0
1908,0,0
1909,0,0
1910,0,0
1911,0,0
1912,0,0
1913,11,0
1914,7,0
1915,9,0
1916,13,0
1917,8,0
1918,12,0
1919,23,0
1920,11,0
1921,15,0
1922,17,1
1923,12,1
1924,15,1
1925,15,1
1926,13,1
1927,11,1
1928,23,3
1929,17,2
1930,17,3
1931,21,4
1932,16,4
1933,22,6
1934,14,4
1935,20,6
1936,22,8
1937,15,6
1938,27,11
1939,14,6
1940,17,8
1941,12,6
1942,15,8
1943,18,10
1944,21,12
1945,11,7
1946,23,14
1947,26,17
1948,20,13
1949,19,13
1950,26,19
1951,19,14
1952,19,14
1953,22,17
1954,26,20
1955,20,16
1956,26,21
1957,15,12
1958,32,26
1959,23,19
1960,15,13
1961,30,25
1962,18,15
1963,20,17
1964,19,17
1965,16,14
1966,13,11
1967,13,12
1968,0,0
1969,7,6
1970,10,9
1971,13,12
1972,7,6
1973,8,7
1974,10,9
1975,8,7
1976,0,0
1977,8,8
1978,6,6
1979,5,5
1980,0,0
1981,0,0
1982,0,0
1983,9,9
1984,6,6
1985,6,6
1986,0,0
1987,0,0
1988,9,9
1989,7,7
1990,0,0
1991,7,7
1992,0,0
1993,6,6
1994,5,5
1995,7,7
1996,0,0
1997,5,5
1998,0,0
1999,0,0
2000,6,6
2001,0,0
2002,0,0
2003,5,5
2004,0,0
2005,0,0
2006,0,0
2007,0,0
2008,5,5
2009,0,0
2010,0,0
2011,0,0
2012,0,0
2013,0,0
2014,0,0
2015,0,0
2016,0,0
2017,0,0