YOB,Born,Alive
1900,0,0
1901,7,0
1902,0,0
1903,7,0
1904,0,0
1905,0,0
1906,0,0
1907,7,0
1908,5,0
1909,0,0
1910,0,0
1911,0,0
1912,16,0
1913,11,0
1914,21,0
1915,23,0
1916,28,0
1917,21,0
1918,35,0
1919,22,0
1920,28,0
1921,34,0
1922,28,1
1923,31,1
1924,26,1
1925,33,2
1926,34,2
1927,39,2
1928,26,2
1929,28,2
1930,31,3
1931,39,5
1932,41,6
1933,32,6
1934,43,9
1935,65,16
1936,39,11
1937,45,14
1938,62,21
1939,63,23
1940,54,21
1941,53,22
1942,69,31
1943,77,37
1944,69,35
1945,76,40
1946,96,54
1947,84,49
1948,65,40
1949,68,44
1950,68,45
1951,80,55
1952,69,48
1953,62,44
1954,72,52
1955,87,65
1956,73,55
1957,61,47
1958,86,68
1959,84,68
1960,61,50
1961,64,53
1962,52,43
1963,59,50
1964,58,49
1965,58,50
1966,47,41
1967,58,51
1968,50,44
1969,68,61
1970,46,41
1971,39,35
1972,39,35
1973,37,34
1974,28,26
1975,33,30
1976,28,26
1977,27,25
1978,28,26
1979,25,24
1980,25,24
1981,18,17
1982,17,16
1983,22,21
1984,18,17
1985,26,25
1986,16,15
1987,20,19
1988,23,22
1989,7,7
1990,17,16
1991,15,15
1992,8,8
1993,11,11
1994,9,9
1995,9,9
1996,10,10
1997,0,0
1998,7,7
1999,5,5
2000,6,6
2001,0,0
2002,0,0
2003,0,0
2004,6,6
2005,0,0
2006,0,0
2007,5,5
2008,0,0
2009,0,0
2010,0,0
2011,0,0
2012,7,7
2013,0,0
2014,0,0
2015,0,0
2016,0,0
2017,0,0
2018,0,0
2019,0,0
2020,0,0