YOB,Born,Alive
1900,0,0
1901,0,0
1902,0,0
1903,0,0
1904,0,0
1905,0,0
1906,6,0
1907,0,0
1908,0,0
1909,5,0
1910,6,0
1911,6,0
1912,0,0
1913,13,0
1914,15,0
1915,23,0
1916,33,0
1917,28,0
1918,16,0
1919,15,0
1920,23,0
1921,33,0
1922,26,1
1923,31,1
1924,26,1
1925,24,1
1926,36,2
1927,16,1
1928,30,2
1929,20,2
1930,28,3
1931,16,2
1932,33,5
1933,17,3
1934,21,4
1935,22,5
1936,10,3
1937,21,6
1938,16,5
1939,18,7
1940,8,3
1941,27,11
1942,21,9
1943,20,10
1944,18,9
1945,8,4
1946,17,10
1947,10,6
1948,11,7
1949,14,9
1950,14,9
1951,13,9
1952,8,6
1953,16,11
1954,11,8
1955,15,11
1956,12,9
1957,17,13
1958,9,7
1959,8,6
1960,7,6
1961,9,7
1962,7,6
1963,8,7
1964,10,9
1965,12,10
1966,8,7
1967,5,4
1968,7,6
1969,0,0
1970,6,5
1971,7,6
1972,6,5
1973,7,6
1974,0,0
1975,0,0
1976,0,0
1977,0,0
1978,0,0
1979,0,0
1980,5,5
1981,0,0
1982,7,7
1983,15,14
1984,28,27
1985,16,15
1986,28,27
1987,41,39
1988,53,51
1989,56,54
1990,496,481
1991,720,699
1992,767,746
1993,863,841
1994,736,718
1995,548,535
1996,464,454
1997,382,374
1998,295,290
1999,182,179
2000,214,211
2001,196,193
2002,253,249
2003,209,206
2004,250,247
2005,201,199
2006,196,194
2007,187,185
2008,212,210
2009,202,200
2010,180,179
2011,155,154
2012,200,199
2013,203,202
2014,183,182
2015,187,186
2016,175,174
2017,194,193
2018,181,180
2019,164,163
2020,162,161