YOB,Born,Alive
1900,0,0
1901,0,0
1902,0,0
1903,0,0
1904,0,0
1905,0,0
1906,0,0
1907,0,0
1908,0,0
1909,0,0
1910,0,0
1911,0,0
1912,0,0
1913,0,0
1914,0,0
1915,0,0
1916,0,0
1917,0,0
1918,0,0
1919,0,0
1920,0,0
1921,0,0
1922,0,0
1923,0,0
1924,0,0
1925,0,0
1926,0,0
1927,0,0
1928,0,0
1929,0,0
1930,0,0
1931,0,0
1932,0,0
1933,0,0
1934,0,0
1935,0,0
1936,0,0
1937,0,0
1938,0,0
1939,0,0
1940,0,0
1941,0,0
1942,0,0
1943,0,0
1944,0,0
1945,0,0
1946,0,0
1947,0,0
1948,0,0
1949,0,0
1950,0,0
1951,0,0
1952,0,0
1953,0,0
1954,0,0
1955,0,0
1956,0,0
1957,0,0
1958,0,0
1959,0,0
1960,0,0
1961,0,0
1962,0,0
1963,5,4
1964,5,4
1965,0,0
1966,6,5
1967,0,0
1968,6,5
1969,6,5
1970,8,7
1971,5,5
1972,7,6
1973,0,0
1974,0,0
1975,6,6
1976,0,0
1977,0,0
1978,0,0
1979,0,0
1980,0,0
1981,7,7
1982,8,8
1983,5,5
1984,0,0
1985,8,8
1986,11,11
1987,8,8
1988,6,6
1989,5,5
1990,12,12
1991,7,7
1992,6,6
1993,8,8
1994,0,0
1995,7,7
1996,0,0
1997,7,7
1998,6,6
1999,0,0
2000,0,0
2001,0,0
2002,0,0
2003,0,0
2004,6,6
2005,6,6
2006,8,8
2007,0,0
2008,9,9
2009,7,7
2010,0,0
2011,0,0
2012,7,7
2013,6,6