YOB,Born,Alive
1900,0,0
1901,0,0
1902,0,0
1903,0,0
1904,0,0
1905,0,0
1906,0,0
1907,0,0
1908,0,0
1909,0,0
1910,0,0
1911,0,0
1912,0,0
1913,0,0
1914,0,0
1915,5,0
1916,0,0
1917,0,0
1918,7,0
1919,0,0
1920,7,0
1921,11,0
1922,11,1
1923,8,1
1924,14,2
1925,14,2
1926,14,2
1927,12,2
1928,19,4
1929,18,4
1930,18,4
1931,22,6
1932,23,7
1933,20,7
1934,23,8
1935,22,9
1936,17,7
1937,11,5
1938,18,9
1939,23,12
1940,13,7
1941,21,12
1942,18,11
1943,16,10
1944,31,20
1945,27,18
1946,27,18
1947,51,35
1948,32,23
1949,45,33
1950,49,37
1951,49,38
1952,41,32
1953,42,33
1954,49,39
1955,46,37
1956,48,39
1957,56,46
1958,51,43
1959,46,39
1960,39,34
1961,51,44
1962,44,38
1963,35,31
1964,37,33
1965,26,23
1966,21,19
1967,27,24
1968,31,28
1969,32,29
1970,31,29
1971,25,23
1972,19,18
1973,16,15
1974,21,20
1975,20,19
1976,22,21
1977,16,15
1978,16,15
1979,17,16
1980,15,14
1981,10,10
1982,8,8
1983,9,9
1984,11,11
1985,6,6
1986,11,11
1987,9,9
1988,20,19
1989,7,7
1990,5,5
1991,9,9
1992,10,10
1993,9,9
1994,7,7
1995,7,7
1996,0,0
1997,10,10
1998,0,0
1999,7,7
2000,7,7
2001,0,0
2002,0,0
2003,7,7