YOB,Born,Alive
1900,0,0
1901,0,0
1902,0,0
1903,0,0
1904,8,0
1905,0,0
1906,0,0
1907,0,0
1908,6,0
1909,0,0
1910,8,0
1911,5,0
1912,9,0
1913,17,0
1914,16,0
1915,19,0
1916,30,0
1917,22,0
1918,23,0
1919,15,0
1920,20,0
1921,30,0
1922,66,1
1923,52,1
1924,40,1
1925,33,2
1926,50,3
1927,33,2
1928,28,2
1929,28,2
1930,29,3
1931,34,4
1932,29,4
1933,22,4
1934,16,3
1935,24,6
1936,17,5
1937,23,7
1938,23,8
1939,21,8
1940,15,6
1941,25,11
1942,18,8
1943,23,11
1944,21,11
1945,23,12
1946,31,17
1947,36,21
1948,29,18
1949,26,17
1950,37,25
1951,43,29
1952,33,23
1953,44,31
1954,65,47
1955,62,46
1956,56,43
1957,49,38
1958,43,34
1959,60,48
1960,85,70
1961,92,76
1962,99,83
1963,116,98
1964,134,114
1965,124,107
1966,121,105
1967,148,130
1968,127,112
1969,133,119
1970,165,148
1971,225,204
1972,246,224
1973,279,255
1974,313,288
1975,240,222
1976,257,238
1977,370,345
1978,528,495
1979,443,417
1980,528,500
1981,387,367
1982,356,339
1983,356,340
1984,377,360
1985,677,649
1986,676,649
1987,594,572
1988,692,668
1989,758,733
1990,870,844
1991,835,811
1992,1067,1038
1993,752,733
1994,670,654
1995,667,652
1996,626,613
1997,885,867
1998,741,727
1999,742,729
2000,698,687
2001,636,627
2002,584,576
2003,556,549
2004,542,535
2005,530,524
2006,583,577
2007,676,669
2008,720,713
2009,788,781
2010,878,871
2011,843,837
2012,924,918
2013,983,976
2014,1035,1028
2015,960,954
2016,894,889
2017,1044,1038
2018,1029,1023
2019,861,857
2020,847,843