YOB,Born,Alive
1900,0,0
1901,0,0
1902,0,0
1903,0,0
1904,0,0
1905,0,0
1906,0,0
1907,0,0
1908,0,0
1909,0,0
1910,0,0
1911,0,0
1912,5,0
1913,6,0
1914,8,0
1915,15,0
1916,23,0
1917,16,0
1918,17,0
1919,14,0
1920,27,1
1921,22,1
1922,31,2
1923,29,3
1924,20,2
1925,19,2
1926,28,4
1927,22,4
1928,23,4
1929,38,8
1930,37,9
1931,33,9
1932,23,7
1933,26,9
1934,26,9
1935,31,12
1936,29,12
1937,23,10
1938,29,14
1939,20,10
1940,27,15
1941,32,18
1942,20,12
1943,37,23
1944,20,13
1945,15,10
1946,21,14
1947,29,20
1948,19,14
1949,21,15
1950,18,14
1951,13,10
1952,19,15
1953,18,14
1954,17,14
1955,11,9
1956,14,11
1957,18,15
1958,16,13
1959,11,9
1960,7,6
1961,15,13
1962,8,7
1963,5,4
1964,12,11
1965,0,0
1966,12,11
1967,6,5
1968,6,5
1969,0,0
1970,7,6
1971,0,0
1972,8,7
1973,5,5
1974,0,0
1975,0,0
1976,0,0
1977,0,0
1978,0,0
1979,0,0
1980,7,7
1981,0,0
1982,0,0
1983,0,0
1984,0,0
1985,5,5
1986,0,0
1987,5,5
1988,0,0
1989,5,5