YOB,Born,Alive
1900,0,0
1901,0,0
1902,0,0
1903,0,0
1904,0,0
1905,0,0
1906,0,0
1907,0,0
1908,0,0
1909,0,0
1910,0,0
1911,0,0
1912,0,0
1913,5,0
1914,0,0
1915,0,0
1916,8,0
1917,5,0
1918,9,0
1919,0,0
1920,6,0
1921,9,0
1922,5,0
1923,5,0
1924,6,1
1925,7,1
1926,0,0
1927,0,0
1928,0,0
1929,0,0
1930,10,2
1931,0,0
1932,0,0
1933,0,0
1934,0,0
1935,7,3
1936,0,0
1937,0,0
1938,0,0
1939,0,0
1940,0,0
1941,6,3
1942,0,0
1943,0,0
1944,0,0
1945,0,0
1946,5,3
1947,7,5
1948,0,0
1949,5,4
1950,0,0
1951,5,4
1952,0,0
1953,0,0
1954,10,8
1955,0,0
1956,9,7
1957,6,5
1958,0,0
1959,0,0
1960,6,5
1961,5,4
1962,0,0
1963,0,0
1964,0,0
1965,0,0
1966,0,0
1967,0,0
1968,5,5
1969,0,0
1970,0,0
1971,0,0
1972,0,0
1973,0,0
1974,0,0
1975,5,5
1976,5,5
1977,6,6
1978,0,0
1979,0,0
1980,0,0
1981,0,0
1982,0,0
1983,0,0
1984,0,0
1985,0,0
1986,0,0
1987,0,0
1988,6,6