YOB,Born,Alive
1900,0,0
1901,0,0
1902,0,0
1903,0,0
1904,0,0
1905,0,0
1906,0,0
1907,0,0
1908,0,0
1909,0,0
1910,0,0
1911,0,0
1912,0,0
1913,0,0
1914,0,0
1915,0,0
1916,0,0
1917,5,0
1918,0,0
1919,0,0
1920,5,0
1921,0,0
1922,11,1
1923,0,0
1924,9,1
1925,5,1
1926,6,1
1927,0,0
1928,5,1
1929,0,0
1930,5,1
1931,0,0
1932,0,0
1933,0,0
1934,5,2
1935,0,0
1936,0,0
1937,0,0
1938,0,0
1939,7,4
1940,0,0
1941,0,0
1942,6,4
1943,5,3
1944,0,0
1945,0,0
1946,0,0
1947,12,8
1948,6,4
1949,0,0
1950,0,0
1951,0,0
1952,0,0
1953,0,0
1954,0,0
1955,0,0
1956,6,5
1957,0,0
1958,6,5
1959,5,4
1960,0,0
1961,7,6
1962,0,0
1963,5,4
1964,0,0
1965,0,0
1966,7,6
1967,0,0
1968,0,0
1969,7,6
1970,0,0
1971,5,5
1972,7,6
1973,7,7
1974,0,0
1975,0,0
1976,0,0
1977,0,0
1978,0,0
1979,6,6