YOB,Born,Alive
1900,0,0
1901,0,0
1902,0,0
1903,0,0
1904,0,0
1905,0,0
1906,0,0
1907,0,0
1908,0,0
1909,0,0
1910,0,0
1911,0,0
1912,0,0
1913,0,0
1914,0,0
1915,0,0
1916,0,0
1917,0,0
1918,0,0
1919,0,0
1920,0,0
1921,0,0
1922,0,0
1923,0,0
1924,0,0
1925,0,0
1926,0,0
1927,0,0
1928,0,0
1929,0,0
1930,0,0
1931,0,0
1932,0,0
1933,0,0
1934,0,0
1935,0,0
1936,0,0
1937,0,0
1938,0,0
1939,0,0
1940,0,0
1941,0,0
1942,5,3
1943,5,3
1944,5,3
1945,0,0
1946,0,0
1947,0,0
1948,0,0
1949,0,0
1950,0,0
1951,0,0
1952,0,0
1953,0,0
1954,0,0
1955,0,0
1956,0,0
1957,0,0
1958,0,0
1959,5,4
1960,0,0
1961,0,0
1962,5,5
1963,0,0
1964,6,6
1965,0,0
1966,6,6
1967,8,7
1968,10,9
1969,8,8
1970,14,13
1971,10,9
1972,12,11
1973,9,9
1974,6,6
1975,13,12
1976,6,6
1977,0,0
1978,9,9
1979,10,10
1980,9,9
1981,5,5
1982,13,13
1983,7,7
1984,5,5
1985,0,0
1986,5,5
1987,5,5
1988,5,5
1989,5,5
1990,0,0
1991,0,0
1992,0,0
1993,0,0
1994,0,0
1995,0,0
1996,0,0
1997,0,0
1998,0,0
1999,0,0
2000,0,0
2001,0,0
2002,0,0
2003,0,0
2004,0,0
2005,0,0
2006,0,0
2007,0,0
2008,0,0
2009,0,0
2010,0,0
2011,0,0
2012,0,0
2013,0,0
2014,0,0
2015,0,0
2016,0,0
2017,0,0