YOB,Born,Alive
1900,0,0
1901,0,0
1902,0,0
1903,0,0
1904,0,0
1905,0,0
1906,0,0
1907,9,0
1908,11,0
1909,13,0
1910,10,0
1911,18,0
1912,20,0
1913,18,0
1914,31,1
1915,43,2
1916,45,2
1917,60,3
1918,76,4
1919,69,4
1920,91,6
1921,110,11
1922,120,16
1923,139,23
1924,162,32
1925,214,49
1926,210,54
1927,232,67
1928,242,78
1929,332,117
1930,341,130
1931,537,221
1932,609,268
1933,737,346
1934,781,390
1935,1326,700
1936,1312,731
1937,1573,922
1938,1784,1098
1939,1957,1261
1940,1922,1295
1941,2340,1617
1942,2971,2104
1943,3063,2222
1944,2664,1979
1945,3178,2416
1946,4705,3658
1947,5095,4049
1948,5020,4076
1949,4774,3959
1950,5322,4505
1951,5896,5033
1952,6214,5349
1953,6956,6037
1954,7200,6300
1955,7661,6758
1956,7867,6996
1957,7756,6953
1958,7287,6584
1959,7985,7272
1960,7908,7258
1961,7792,7179
1962,8780,8120
1963,8709,8085
1964,8468,7890
1965,7906,7394
1966,7204,6763
1967,6325,5960
1968,5733,5422
1969,5244,4978
1970,4937,4704
1971,4330,4135
1972,3398,3252
1973,2999,2877
1974,2439,2345
1975,2098,2022
1976,1872,1808
1977,1656,1603
1978,1413,1371
1979,1369,1331
1980,1213,1182
1981,1215,1185
1982,1099,1073
1983,946,925
1984,907,888
1985,1011,991
1986,978,959
1987,799,784
1988,710,698
1989,658,647
1990,626,617
1991,633,624
1992,641,632
1993,542,535
1994,419,414
1995,395,390
1996,378,374
1997,309,306
1998,348,345
1999,353,350
2000,343,340
2001,382,379
2002,339,336
2003,303,301
2004,315,313
2005,239,237
2006,277,275
2007,271,269
2008,224,223
2009,169,168
2010,186,185
2011,182,181
2012,144,143
2013,144,143