YOB,Born,Alive
1900,0,0
1901,0,0
1902,0,0
1903,0,0
1904,0,0
1905,0,0
1906,0,0
1907,0,0
1908,0,0
1909,0,0
1910,0,0
1911,0,0
1912,0,0
1913,0,0
1914,0,0
1915,0,0
1916,0,0
1917,0,0
1918,0,0
1919,0,0
1920,0,0
1921,0,0
1922,0,0
1923,0,0
1924,0,0
1925,0,0
1926,0,0
1927,0,0
1928,0,0
1929,0,0
1930,0,0
1931,0,0
1932,0,0
1933,0,0
1934,0,0
1935,0,0
1936,0,0
1937,0,0
1938,0,0
1939,0,0
1940,0,0
1941,0,0
1942,0,0
1943,0,0
1944,8,6
1945,0,0
1946,0,0
1947,0,0
1948,0,0
1949,0,0
1950,0,0
1951,0,0
1952,0,0
1953,5,4
1954,0,0
1955,0,0
1956,0,0
1957,0,0
1958,5,5
1959,6,5
1960,6,6
1961,0,0
1962,0,0
1963,0,0
1964,7,7
1965,6,6
1966,7,7
1967,8,8
1968,0,0
1969,11,10
1970,0,0
1971,8,8
1972,5,5
1973,8,8
1974,0,0
1975,9,9
1976,6,6
1977,5,5
1978,6,6
1979,6,6
1980,9,9
1981,0,0
1982,0,0
1983,6,6
1984,0,0
1985,0,0
1986,6,6
1987,8,8
1988,0,0
1989,0,0
1990,0,0
1991,5,5