YOB,Born,Alive
1900,0,0
1901,0,0
1902,0,0
1903,0,0
1904,0,0
1905,0,0
1906,0,0
1907,0,0
1908,0,0
1909,0,0
1910,0,0
1911,0,0
1912,0,0
1913,0,0
1914,0,0
1915,0,0
1916,0,0
1917,0,0
1918,0,0
1919,0,0
1920,0,0
1921,0,0
1922,0,0
1923,0,0
1924,0,0
1925,0,0
1926,0,0
1927,0,0
1928,0,0
1929,0,0
1930,0,0
1931,0,0
1932,0,0
1933,0,0
1934,0,0
1935,0,0
1936,0,0
1937,0,0
1938,0,0
1939,0,0
1940,0,0
1941,0,0
1942,0,0
1943,0,0
1944,0,0
1945,0,0
1946,0,0
1947,0,0
1948,0,0
1949,0,0
1950,6,5
1951,0,0
1952,5,4
1953,6,5
1954,20,18
1955,11,10
1956,16,14
1957,32,29
1958,61,55
1959,97,88
1960,110,101
1961,118,109
1962,191,177
1963,289,268
1964,450,419
1965,516,483
1966,581,545
1967,752,709
1968,975,922
1969,1099,1043
1970,1148,1094
1971,1178,1125
1972,1062,1016
1973,1125,1079
1974,941,905
1975,969,934
1976,870,840
1977,840,813
1978,764,741
1979,796,774
1980,779,759
1981,647,631
1982,661,646
1983,711,695
1984,719,704
1985,736,721
1986,638,626
1987,726,713
1988,772,759
1989,661,650
1990,571,562
1991,509,502
1992,439,433
1993,353,348
1994,254,251
1995,197,195
1996,175,173
1997,116,115
1998,100,99
1999,86,85
2000,63,62
2001,56,56
2002,59,59
2003,55,55
2004,54,54
2005,34,34
2006,33,33
2007,31,31
2008,32,32
2009,22,22
2010,25,25
2011,15,15
2012,22,22
2013,23,23