YOB,Born,Alive
1900,0,0
1901,0,0
1902,0,0
1903,0,0
1904,0,0
1905,0,0
1906,0,0
1907,0,0
1908,0,0
1909,0,0
1910,0,0
1911,0,0
1912,0,0
1913,5,0
1914,0,0
1915,0,0
1916,0,0
1917,0,0
1918,0,0
1919,0,0
1920,8,1
1921,5,1
1922,16,2
1923,5,1
1924,0,0
1925,0,0
1926,0,0
1927,0,0
1928,0,0
1929,0,0
1930,0,0
1931,0,0
1932,0,0
1933,0,0
1934,6,3
1935,15,8
1936,15,8
1937,16,9
1938,23,14
1939,25,16
1940,39,26
1941,20,14
1942,51,36
1943,48,35
1944,41,30
1945,41,31
1946,67,52
1947,65,52
1948,46,37
1949,42,35
1950,38,32
1951,26,22
1952,55,47
1953,49,43
1954,44,39
1955,44,39
1956,68,60
1957,84,75
1958,167,151
1959,161,147
1960,145,133
1961,170,157
1962,226,209
1963,199,185
1964,183,171
1965,130,122
1966,111,104
1967,108,102
1968,81,77
1969,77,73
1970,75,71
1971,61,58
1972,58,56
1973,47,45
1974,43,41
1975,37,36
1976,40,39
1977,57,55
1978,38,37
1979,53,52
1980,43,42
1981,41,40
1982,39,38
1983,35,34
1984,26,25
1985,22,22
1986,31,30
1987,27,27
1988,22,22
1989,30,30
1990,18,18
1991,25,25
1992,28,28
1993,18,18
1994,21,21
1995,16,16
1996,15,15
1997,20,20
1998,8,8
1999,23,23
2000,11,11
2001,20,20
2002,16,16
2003,14,14
2004,19,19
2005,17,17
2006,18,18
2007,31,31
2008,19,19
2009,15,15
2010,23,23
2011,17,17
2012,22,22
2013,23,23