YOB,Born,Alive
1900,0,0
1901,0,0
1902,0,0
1903,0,0
1904,0,0
1905,0,0
1906,0,0
1907,0,0
1908,0,0
1909,0,0
1910,0,0
1911,0,0
1912,0,0
1913,0,0
1914,0,0
1915,0,0
1916,0,0
1917,0,0
1918,0,0
1919,0,0
1920,0,0
1921,0,0
1922,0,0
1923,0,0
1924,0,0
1925,0,0
1926,0,0
1927,0,0
1928,0,0
1929,0,0
1930,0,0
1931,0,0
1932,0,0
1933,0,0
1934,0,0
1935,0,0
1936,0,0
1937,0,0
1938,0,0
1939,0,0
1940,0,0
1941,0,0
1942,0,0
1943,0,0
1944,0,0
1945,0,0
1946,0,0
1947,0,0
1948,0,0
1949,0,0
1950,0,0
1951,0,0
1952,0,0
1953,0,0
1954,0,0
1955,0,0
1956,0,0
1957,0,0
1958,0,0
1959,0,0
1960,0,0
1961,0,0
1962,0,0
1963,0,0
1964,0,0
1965,0,0
1966,0,0
1967,0,0
1968,0,0
1969,0,0
1970,0,0
1971,17,16
1972,30,29
1973,58,55
1974,83,79
1975,97,93
1976,104,100
1977,115,111
1978,120,116
1979,128,124
1980,113,110
1981,94,91
1982,96,94
1983,104,101
1984,80,78
1985,73,71
1986,75,73
1987,56,55
1988,75,74
1989,56,55
1990,61,60
1991,50,49
1992,33,33
1993,27,27
1994,27,27
1995,25,25
1996,21,21
1997,14,14
1998,13,13
1999,9,9
2000,5,5
2001,14,14
2002,6,6
2003,0,0
2004,7,7
2005,0,0
2006,5,5
2007,0,0
2008,6,6
2009,0,0
2010,0,0
2011,0,0
2012,0,0
2013,0,0
2014,0,0
2015,0,0
2016,0,0
2017,0,0