YOB,Born,Alive
1900,0,0
1901,0,0
1902,0,0
1903,0,0
1904,0,0
1905,0,0
1906,0,0
1907,0,0
1908,0,0
1909,0,0
1910,0,0
1911,0,0
1912,0,0
1913,0,0
1914,0,0
1915,0,0
1916,0,0
1917,0,0
1918,0,0
1919,0,0
1920,0,0
1921,0,0
1922,0,0
1923,0,0
1924,0,0
1925,0,0
1926,0,0
1927,0,0
1928,0,0
1929,0,0
1930,0,0
1931,0,0
1932,0,0
1933,0,0
1934,0,0
1935,0,0
1936,0,0
1937,0,0
1938,0,0
1939,0,0
1940,0,0
1941,0,0
1942,0,0
1943,0,0
1944,0,0
1945,0,0
1946,0,0
1947,0,0
1948,0,0
1949,0,0
1950,6,5
1951,5,4
1952,8,7
1953,5,4
1954,7,6
1955,12,11
1956,9,8
1957,6,5
1958,8,7
1959,10,9
1960,19,17
1961,19,18
1962,19,18
1963,34,32
1964,30,28
1965,32,30
1966,38,36
1967,33,31
1968,40,38
1969,62,59
1970,118,112
1971,114,109
1972,131,125
1973,162,155
1974,166,160
1975,174,168
1976,209,202
1977,156,151
1978,171,166
1979,228,222
1980,285,278
1981,466,455
1982,371,362
1983,361,353
1984,336,329
1985,388,380
1986,401,393
1987,385,378
1988,436,429
1989,526,518
1990,722,711
1991,750,739
1992,754,744
1993,791,781
1994,799,789
1995,801,792
1996,812,803
1997,819,810
1998,847,839
1999,1005,996
2000,1064,1055
2001,1141,1132
2002,1210,1200
2003,1346,1336
2004,1517,1506
2005,1795,1782
2006,2267,2251
2007,2317,2302
2008,2292,2277
2009,2645,2629
2010,2513,2498
2011,2655,2640
2012,2614,2600
2013,2597,2584