YOB,Born,Alive
1900,111,0
1901,55,0
1902,80,0
1903,74,0
1904,77,0
1905,87,0
1906,71,0
1907,93,0
1908,81,0
1909,103,0
1910,117,0
1911,110,1
1912,130,2
1913,149,3
1914,156,5
1915,208,8
1916,235,10
1917,229,11
1918,250,14
1919,242,16
1920,215,15
1921,257,26
1922,233,31
1923,246,40
1924,239,47
1925,238,54
1926,266,69
1927,264,76
1928,255,82
1929,244,86
1930,259,99
1931,220,91
1932,266,117
1933,222,104
1934,255,127
1935,216,114
1936,230,128
1937,220,129
1938,242,149
1939,231,149
1940,200,135
1941,233,161
1942,197,140
1943,188,136
1944,194,144
1945,184,140
1946,174,135
1947,204,162
1948,212,172
1949,186,154
1950,167,141
1951,158,135
1952,124,107
1953,115,100
1954,140,123
1955,102,90
1956,86,76
1957,97,87
1958,85,77
1959,76,69
1960,57,52
1961,71,65
1962,72,67
1963,65,60
1964,69,64
1965,40,37
1966,48,45
1967,22,21
1968,32,30
1969,32,30
1970,33,31
1971,24,23
1972,25,24
1973,17,16
1974,31,30
1975,26,25
1976,12,12
1977,14,14
1978,18,17
1979,14,14
1980,16,16
1981,15,15
1982,13,13
1983,11,11
1984,13,13
1985,7,7
1986,13,13
1987,15,15
1988,12,12
1989,8,8
1990,8,8
1991,8,8
1992,11,11
1993,6,6
1994,11,11
1995,10,10
1996,11,11
1997,5,5
1998,8,8
1999,8,8
2000,0,0
2001,0,0
2002,11,11
2003,9,9
2004,5,5
2005,5,5
2006,10,10
2007,19,19
2008,10,10
2009,24,24
2010,21,21
2011,20,20
2012,30,30
2013,47,47