YOB,Born,Alive
1900,0,0
1901,0,0
1902,0,0
1903,0,0
1904,0,0
1905,0,0
1906,0,0
1907,0,0
1908,0,0
1909,0,0
1910,0,0
1911,0,0
1912,0,0
1913,0,0
1914,0,0
1915,0,0
1916,0,0
1917,0,0
1918,5,0
1919,5,0
1920,0,0
1921,0,0
1922,0,0
1923,0,0
1924,0,0
1925,0,0
1926,0,0
1927,5,1
1928,0,0
1929,5,1
1930,8,2
1931,0,0
1932,0,0
1933,0,0
1934,8,3
1935,0,0
1936,5,2
1937,11,5
1938,13,6
1939,14,7
1940,10,5
1941,7,4
1942,7,4
1943,20,12
1944,17,11
1945,17,11
1946,21,14
1947,25,18
1948,29,21
1949,24,18
1950,29,22
1951,34,27
1952,27,22
1953,27,22
1954,24,20
1955,29,24
1956,18,15
1957,29,25
1958,29,25
1959,28,25
1960,22,20
1961,37,33
1962,23,21
1963,40,36
1964,23,21
1965,23,21
1966,17,16
1967,29,27
1968,21,20
1969,23,22
1970,40,38
1971,27,25
1972,27,26
1973,22,21
1974,30,29
1975,36,34
1976,17,16
1977,27,26
1978,18,17
1979,9,9
1980,19,18
1981,17,16
1982,18,17
1983,15,15
1984,15,15
1985,21,20
1986,26,25
1987,27,26
1988,16,16
1989,16,16
1990,25,25
1991,16,16
1992,18,18
1993,11,11
1994,15,15
1995,21,21
1996,12,12
1997,19,19
1998,14,14
1999,14,14
2000,11,11
2001,9,9
2002,15,15
2003,18,18
2004,21,21
2005,18,18
2006,14,14
2007,18,18
2008,15,15
2009,16,16
2010,13,13
2011,17,17
2012,12,12
2013,17,17
2014,10,10
2015,11,11
2016,13,13
2017,8,8
2018,10,10
2019,6,6
2020,6,6