YOB,Born,Alive
1900,0,0
1901,0,0
1902,0,0
1903,0,0
1904,0,0
1905,0,0
1906,0,0
1907,0,0
1908,0,0
1909,0,0
1910,0,0
1911,0,0
1912,0,0
1913,0,0
1914,0,0
1915,0,0
1916,0,0
1917,0,0
1918,0,0
1919,0,0
1920,0,0
1921,0,0
1922,0,0
1923,0,0
1924,0,0
1925,0,0
1926,0,0
1927,0,0
1928,0,0
1929,0,0
1930,0,0
1931,0,0
1932,7,2
1933,0,0
1934,13,4
1935,9,3
1936,14,6
1937,18,8
1938,15,7
1939,14,7
1940,25,13
1941,32,18
1942,31,18
1943,30,18
1944,30,19
1945,35,23
1946,26,18
1947,19,13
1948,20,15
1949,27,20
1950,14,11
1951,18,14
1952,19,15
1953,11,9
1954,19,16
1955,8,7
1956,17,14
1957,23,20
1958,23,20
1959,26,23
1960,22,20
1961,32,29
1962,35,31
1963,25,23
1964,32,29
1965,31,28
1966,25,23
1967,30,28
1968,20,19
1969,13,12
1970,16,15
1971,13,12
1972,14,13
1973,10,9
1974,5,5
1975,8,8
1976,5,5
1977,0,0
1978,6,6
1979,5,5
1980,0,0
1981,5,5
1982,5,5
1983,7,7
1984,0,0
1985,7,7
1986,0,0
1987,0,0
1988,6,6
1989,5,5
1990,6,6
1991,6,6
1992,5,5
1993,0,0
1994,0,0
1995,0,0
1996,0,0
1997,0,0
1998,0,0
1999,0,0
2000,0,0
2001,0,0
2002,0,0
2003,0,0
2004,0,0
2005,0,0
2006,5,5
2007,0,0
2008,0,0
2009,0,0
2010,0,0
2011,0,0
2012,0,0
2013,0,0
2014,0,0
2015,0,0
2016,0,0
2017,0,0
2018,0,0
2019,0,0
2020,0,0