YOB,Born,Alive
1900,0,0
1901,0,0
1902,0,0
1903,0,0
1904,0,0
1905,0,0
1906,0,0
1907,0,0
1908,0,0
1909,0,0
1910,0,0
1911,0,0
1912,0,0
1913,0,0
1914,0,0
1915,0,0
1916,0,0
1917,0,0
1918,0,0
1919,0,0
1920,0,0
1921,0,0
1922,0,0
1923,0,0
1924,0,0
1925,0,0
1926,0,0
1927,0,0
1928,0,0
1929,0,0
1930,0,0
1931,0,0
1932,0,0
1933,0,0
1934,0,0
1935,0,0
1936,0,0
1937,0,0
1938,0,0
1939,0,0
1940,0,0
1941,0,0
1942,0,0
1943,0,0
1944,0,0
1945,0,0
1946,0,0
1947,0,0
1948,0,0
1949,0,0
1950,0,0
1951,0,0
1952,0,0
1953,0,0
1954,0,0
1955,0,0
1956,0,0
1957,0,0
1958,0,0
1959,0,0
1960,0,0
1961,0,0
1962,0,0
1963,0,0
1964,0,0
1965,0,0
1966,0,0
1967,7,7
1968,0,0
1969,0,0
1970,0,0
1971,6,6
1972,0,0
1973,0,0
1974,0,0
1975,0,0
1976,8,8
1977,0,0
1978,0,0
1979,0,0
1980,7,7
1981,17,17
1982,18,18
1983,24,23
1984,17,17
1985,28,27
1986,32,31
1987,36,35
1988,53,52
1989,63,62
1990,94,93
1991,73,72
1992,78,77
1993,63,62
1994,39,39
1995,43,42
1996,33,33
1997,34,34
1998,33,33
1999,17,17
2000,21,21
2001,12,12
2002,17,17
2003,10,10
2004,5,5
2005,0,0
2006,0,0
2007,6,6
2008,8,8
2009,9,9
2010,6,6
2011,0,0
2012,5,5