YOB,Born,Alive
1900,0,0
1901,0,0
1902,0,0
1903,0,0
1904,0,0
1905,0,0
1906,0,0
1907,0,0
1908,0,0
1909,0,0
1910,0,0
1911,0,0
1912,0,0
1913,0,0
1914,0,0
1915,0,0
1916,0,0
1917,0,0
1918,0,0
1919,0,0
1920,0,0
1921,0,0
1922,0,0
1923,0,0
1924,0,0
1925,0,0
1926,0,0
1927,0,0
1928,0,0
1929,0,0
1930,0,0
1931,0,0
1932,0,0
1933,0,0
1934,0,0
1935,0,0
1936,0,0
1937,0,0
1938,0,0
1939,0,0
1940,0,0
1941,0,0
1942,0,0
1943,0,0
1944,0,0
1945,0,0
1946,0,0
1947,0,0
1948,0,0
1949,0,0
1950,0,0
1951,0,0
1952,0,0
1953,0,0
1954,0,0
1955,0,0
1956,0,0
1957,0,0
1958,0,0
1959,0,0
1960,0,0
1961,0,0
1962,0,0
1963,0,0
1964,0,0
1965,0,0
1966,0,0
1967,0,0
1968,0,0
1969,0,0
1970,0,0
1971,0,0
1972,0,0
1973,0,0
1974,0,0
1975,0,0
1976,0,0
1977,0,0
1978,0,0
1979,7,7
1980,0,0
1981,0,0
1982,0,0
1983,0,0
1984,0,0
1985,6,6
1986,6,6
1987,0,0
1988,5,5
1989,14,14
1990,13,13
1991,11,11
1992,12,12
1993,20,20
1994,17,17
1995,30,30
1996,31,31
1997,36,36
1998,41,41
1999,37,37
2000,31,31
2001,47,47
2002,38,38
2003,40,40
2004,36,36
2005,38,38
2006,47,47
2007,54,54
2008,40,40
2009,47,47
2010,37,37
2011,23,23
2012,38,38
2013,31,31
2014,27,27
2015,33,33
2016,33,33
2017,30,30