YOB,Born,Alive
1900,0,0
1901,0,0
1902,0,0
1903,0,0
1904,0,0
1905,0,0
1906,0,0
1907,0,0
1908,0,0
1909,0,0
1910,0,0
1911,0,0
1912,0,0
1913,0,0
1914,0,0
1915,0,0
1916,0,0
1917,0,0
1918,0,0
1919,0,0
1920,0,0
1921,0,0
1922,0,0
1923,0,0
1924,0,0
1925,0,0
1926,0,0
1927,0,0
1928,0,0
1929,0,0
1930,0,0
1931,0,0
1932,0,0
1933,0,0
1934,0,0
1935,0,0
1936,0,0
1937,0,0
1938,6,4
1939,5,3
1940,0,0
1941,6,4
1942,0,0
1943,5,4
1944,7,5
1945,14,11
1946,16,12
1947,14,11
1948,27,22
1949,31,26
1950,39,33
1951,44,38
1952,45,39
1953,62,54
1954,80,70
1955,69,61
1956,68,60
1957,90,81
1958,93,84
1959,100,91
1960,94,86
1961,107,99
1962,91,84
1963,121,112
1964,114,106
1965,117,109
1966,123,115
1967,118,111
1968,125,118
1969,127,121
1970,129,123
1971,134,128
1972,118,113
1973,133,128
1974,127,122
1975,106,102
1976,113,109
1977,149,144
1978,105,102
1979,120,117
1980,117,114
1981,111,108
1982,118,115
1983,144,141
1984,124,121
1985,147,144
1986,146,143
1987,142,139
1988,116,114
1989,99,97
1990,71,70
1991,81,80
1992,59,58
1993,53,52
1994,58,57
1995,59,58
1996,35,35
1997,33,33
1998,16,16
1999,35,35
2000,31,31
2001,36,36
2002,31,31
2003,28,28
2004,46,46
2005,31,31
2006,27,27
2007,23,23
2008,11,11
2009,21,21
2010,7,7
2011,15,15
2012,7,7
2013,10,10