YOB,Born,Alive
1900,0,0
1901,0,0
1902,0,0
1903,0,0
1904,0,0
1905,0,0
1906,0,0
1907,0,0
1908,0,0
1909,0,0
1910,0,0
1911,0,0
1912,0,0
1913,0,0
1914,0,0
1915,0,0
1916,0,0
1917,0,0
1918,0,0
1919,0,0
1920,0,0
1921,0,0
1922,0,0
1923,0,0
1924,0,0
1925,0,0
1926,0,0
1927,0,0
1928,0,0
1929,0,0
1930,0,0
1931,0,0
1932,0,0
1933,0,0
1934,0,0
1935,0,0
1936,0,0
1937,0,0
1938,0,0
1939,0,0
1940,0,0
1941,0,0
1942,7,4
1943,0,0
1944,0,0
1945,10,7
1946,13,9
1947,18,13
1948,11,8
1949,11,8
1950,13,10
1951,13,10
1952,11,9
1953,17,13
1954,18,14
1955,31,25
1956,11,9
1957,44,37
1958,66,55
1959,68,58
1960,106,91
1961,60,52
1962,97,85
1963,120,105
1964,92,81
1965,69,61
1966,93,83
1967,79,71
1968,66,60
1969,84,77
1970,110,101
1971,98,91
1972,104,97
1973,102,95
1974,114,107
1975,125,117
1976,128,121
1977,115,109
1978,131,124
1979,145,138
1980,182,174
1981,167,160
1982,171,164
1983,225,217
1984,212,205
1985,272,263
1986,273,264
1987,289,280
1988,333,324
1989,395,385
1990,592,578
1991,667,652
1992,650,636
1993,614,602
1994,590,579
1995,623,612
1996,595,585
1997,717,706
1998,492,485
1999,446,441
2000,411,407
2001,377,373
2002,363,359
2003,381,377
2004,382,379
2005,381,378
2006,394,391
2007,363,360
2008,317,315
2009,310,308
2010,299,297
2011,263,261
2012,236,235
2013,208,207