YOB,Born,Alive
1900,0,0
1901,0,0
1902,0,0
1903,0,0
1904,0,0
1905,0,0
1906,0,0
1907,0,0
1908,0,0
1909,0,0
1910,0,0
1911,0,0
1912,0,0
1913,0,0
1914,0,0
1915,0,0
1916,0,0
1917,0,0
1918,0,0
1919,0,0
1920,0,0
1921,0,0
1922,0,0
1923,0,0
1924,0,0
1925,0,0
1926,0,0
1927,0,0
1928,0,0
1929,0,0
1930,0,0
1931,0,0
1932,0,0
1933,0,0
1934,0,0
1935,0,0
1936,0,0
1937,5,2
1938,0,0
1939,6,3
1940,9,4
1941,10,5
1942,8,4
1943,19,10
1944,36,21
1945,26,16
1946,53,33
1947,60,39
1948,94,63
1949,107,74
1950,105,75
1951,145,106
1952,216,160
1953,193,146
1954,203,156
1955,240,187
1956,267,212
1957,356,287
1958,436,356
1959,469,389
1960,466,393
1961,504,428
1962,513,439
1963,504,435
1964,433,377
1965,408,358
1966,357,315
1967,320,285
1968,282,253
1969,365,330
1970,417,380
1971,397,363
1972,400,368
1973,356,329
1974,417,387
1975,322,300
1976,298,279
1977,398,374
1978,379,358
1979,299,284
1980,214,204
1981,159,152
1982,125,120
1983,111,106
1984,121,116
1985,97,93
1986,92,89
1987,100,97
1988,91,88
1989,73,71
1990,77,75
1991,61,59
1992,86,84
1993,66,64
1994,67,66
1995,65,64
1996,65,64
1997,60,59
1998,63,62
1999,55,54
2000,56,55
2001,74,73
2002,72,71
2003,59,58
2004,63,62
2005,72,71
2006,87,86
2007,82,81
2008,80,79
2009,102,101
2010,50,50
2011,55,55
2012,72,72
2013,60,60
2014,63,63
2015,58,58
2016,57,57
2017,74,74