YOB,Born,Alive
1900,0,0
1901,0,0
1902,0,0
1903,0,0
1904,0,0
1905,0,0
1906,0,0
1907,0,0
1908,0,0
1909,0,0
1910,0,0
1911,0,0
1912,0,0
1913,0,0
1914,0,0
1915,6,0
1916,6,0
1917,7,0
1918,0,0
1919,0,0
1920,0,0
1921,0,0
1922,5,0
1923,5,0
1924,0,0
1925,7,1
1926,0,0
1927,6,1
1928,0,0
1929,0,0
1930,9,2
1931,5,1
1932,11,3
1933,6,2
1934,0,0
1935,8,3
1936,6,3
1937,0,0
1938,5,2
1939,0,0
1940,0,0
1941,7,4
1942,0,0
1943,8,5
1944,7,4
1945,7,5
1946,5,3
1947,9,6
1948,9,6
1949,11,8
1950,11,8
1951,10,8
1952,6,5
1953,7,6
1954,8,6
1955,7,6
1956,9,7
1957,6,5
1958,9,8
1959,5,4
1960,10,9
1961,10,9
1962,16,14
1963,8,7
1964,26,23
1965,10,9
1966,11,10
1967,23,21
1968,32,29
1969,27,25
1970,41,38
1971,61,56
1972,69,64
1973,100,93
1974,104,97
1975,163,153
1976,199,188
1977,218,206
1978,263,250
1979,280,267
1980,347,332
1981,323,310
1982,369,355
1983,356,343
1984,350,338
1985,352,340
1986,394,382
1987,306,297
1988,353,343
1989,359,350
1990,355,346
1991,384,375
1992,407,398
1993,428,419
1994,404,396
1995,476,468
1996,465,458
1997,523,515
1998,600,592
1999,564,557
2000,609,603
2001,542,536
2002,538,533
2003,536,531
2004,593,588
2005,575,570
2006,591,586
2007,596,591
2008,530,526
2009,583,579
2010,475,472
2011,432,429
2012,438,435
2013,463,460