YOB,Born,Alive
1900,0,0
1901,0,0
1902,0,0
1903,0,0
1904,0,0
1905,0,0
1906,0,0
1907,0,0
1908,0,0
1909,0,0
1910,0,0
1911,0,0
1912,0,0
1913,0,0
1914,6,0
1915,12,0
1916,8,0
1917,9,0
1918,9,0
1919,13,0
1920,15,0
1921,18,0
1922,20,0
1923,16,0
1924,16,1
1925,29,1
1926,24,1
1927,21,1
1928,25,2
1929,28,2
1930,29,3
1931,34,4
1932,34,5
1933,29,5
1934,31,7
1935,40,10
1936,28,8
1937,21,6
1938,40,13
1939,28,10
1940,30,12
1941,32,14
1942,48,22
1943,33,16
1944,55,28
1945,49,26
1946,51,29
1947,60,35
1948,63,39
1949,56,36
1950,68,45
1951,90,62
1952,88,62
1953,78,56
1954,70,51
1955,97,72
1956,113,86
1957,101,78
1958,99,78
1959,108,87
1960,118,97
1961,114,94
1962,117,98
1963,120,101
1964,110,94
1965,129,111
1966,102,89
1967,113,99
1968,132,117
1969,147,131
1970,118,106
1971,143,129
1972,145,132
1973,162,148
1974,151,139
1975,183,169
1976,184,171
1977,208,194
1978,195,183
1979,258,243
1980,287,272
1981,266,252
1982,279,265
1983,217,207
1984,268,256
1985,262,251
1986,280,269
1987,262,252
1988,294,284
1989,324,313
1990,341,331
1991,411,399
1992,355,345
1993,408,397
1994,439,428
1995,390,381
1996,443,434
1997,434,425
1998,468,459
1999,454,446
2000,477,470
2001,557,549
2002,517,510
2003,534,527
2004,591,584
2005,619,612
2006,598,592
2007,634,628
2008,523,518
2009,482,478
2010,480,476
2011,421,418
2012,431,428
2013,415,412
2014,483,480
2015,424,421
2016,399,397
2017,386,384
2018,368,366
2019,354,352
2020,375,373