YOB,Born,Alive
1900,0,0
1901,0,0
1902,0,0
1903,0,0
1904,0,0
1905,0,0
1906,0,0
1907,0,0
1908,0,0
1909,5,0
1910,0,0
1911,0,0
1912,5,0
1913,0,0
1914,0,0
1915,0,0
1916,11,0
1917,7,0
1918,8,0
1919,16,0
1920,9,0
1921,14,1
1922,15,1
1923,17,2
1924,12,2
1925,10,2
1926,12,2
1927,13,3
1928,11,3
1929,12,3
1930,13,4
1931,11,4
1932,26,9
1933,8,3
1934,15,6
1935,16,7
1936,22,11
1937,25,13
1938,65,36
1939,40,23
1940,32,20
1941,44,28
1942,48,31
1943,44,30
1944,41,28
1945,47,34
1946,48,35
1947,67,51
1948,45,35
1949,63,50
1950,52,42
1951,45,37
1952,53,44
1953,62,52
1954,41,35
1955,57,49
1956,28,24
1957,37,32
1958,25,22
1959,25,22
1960,42,38
1961,27,25
1962,45,41
1963,43,39
1964,57,53
1965,29,27
1966,39,36
1967,36,34
1968,13,12
1969,23,22
1970,12,11
1971,19,18
1972,12,11
1973,9,9
1974,5,5
1975,10,10
1976,6,6
1977,6,6
1978,0,0
1979,0,0
1980,5,5
1981,6,6
1982,6,6
1983,0,0
1984,0,0
1985,0,0
1986,0,0
1987,0,0
1988,0,0
1989,0,0
1990,0,0
1991,0,0
1992,6,6
1993,0,0
1994,0,0
1995,0,0
1996,5,5
1997,0,0
1998,0,0
1999,0,0
2000,0,0
2001,0,0
2002,0,0
2003,0,0
2004,0,0
2005,0,0
2006,0,0
2007,0,0
2008,6,6
2009,0,0
2010,0,0
2011,0,0
2012,0,0
2013,0,0
2014,0,0
2015,0,0
2016,0,0
2017,0,0