YOB,Born,Alive
1900,0,0
1901,0,0
1902,0,0
1903,0,0
1904,0,0
1905,0,0
1906,0,0
1907,0,0
1908,0,0
1909,0,0
1910,0,0
1911,0,0
1912,0,0
1913,6,0
1914,0,0
1915,15,0
1916,11,0
1917,12,0
1918,7,0
1919,9,0
1920,13,0
1921,20,0
1922,19,0
1923,5,0
1924,9,0
1925,16,1
1926,13,1
1927,9,1
1928,11,1
1929,14,1
1930,8,1
1931,9,1
1932,7,1
1933,0,0
1934,0,0
1935,0,0
1936,0,0
1937,0,0
1938,0,0
1939,0,0
1940,0,0
1941,0,0
1942,0,0
1943,0,0
1944,0,0
1945,0,0
1946,0,0
1947,0,0
1948,0,0
1949,0,0
1950,0,0
1951,0,0
1952,0,0
1953,0,0
1954,0,0
1955,0,0
1956,0,0
1957,0,0
1958,0,0
1959,5,4
1960,0,0
1961,5,4
1962,0,0
1963,0,0
1964,0,0
1965,0,0
1966,0,0
1967,0,0
1968,0,0
1969,0,0
1970,0,0
1971,0,0
1972,0,0
1973,5,5
1974,0,0
1975,0,0
1976,0,0
1977,0,0
1978,0,0
1979,0,0
1980,0,0
1981,0,0
1982,6,6
1983,0,0
1984,0,0
1985,5,5
1986,6,6
1987,6,6
1988,6,6
1989,8,8
1990,0,0
1991,6,6
1992,9,9
1993,5,5
1994,7,7
1995,0,0
1996,5,5
1997,0,0
1998,0,0
1999,0,0
2000,0,0
2001,0,0
2002,5,5
2003,0,0
2004,0,0
2005,0,0
2006,0,0
2007,0,0
2008,0,0
2009,0,0
2010,0,0
2011,0,0
2012,0,0
2013,0,0
2014,0,0
2015,0,0
2016,0,0
2017,0,0
2018,0,0
2019,0,0
2020,0,0