YOB,Born,Alive
1900,0,0
1901,0,0
1902,10,0
1903,0,0
1904,0,0
1905,6,0
1906,0,0
1907,8,0
1908,8,0
1909,6,0
1910,10,0
1911,8,0
1912,8,0
1913,17,0
1914,26,0
1915,31,0
1916,42,1
1917,50,1
1918,47,1
1919,36,1
1920,40,1
1921,47,3
1922,52,4
1923,54,6
1924,57,8
1925,56,9
1926,73,13
1927,92,19
1928,104,24
1929,76,20
1930,59,17
1931,71,23
1932,53,19
1933,54,21
1934,39,16
1935,47,21
1936,38,18
1937,38,20
1938,33,18
1939,48,28
1940,28,17
1941,48,30
1942,38,25
1943,40,27
1944,40,28
1945,40,29
1946,36,26
1947,33,25
1948,38,29
1949,35,28
1950,38,31
1951,38,31
1952,31,26
1953,42,35
1954,34,29
1955,35,30
1956,32,28
1957,39,34
1958,36,32
1959,45,40
1960,46,42
1961,50,45
1962,48,44
1963,40,37
1964,42,39
1965,37,34
1966,40,37
1967,43,40
1968,51,48
1969,45,42
1970,52,49
1971,42,40
1972,41,39
1973,48,46
1974,46,44
1975,33,32
1976,37,36
1977,49,47
1978,40,39
1979,36,35
1980,34,33
1981,32,31
1982,33,32
1983,32,31
1984,32,31
1985,30,29
1986,27,26
1987,38,37
1988,23,23
1989,21,21
1990,18,18
1991,18,18
1992,18,18
1993,9,9
1994,13,13
1995,7,7
1996,8,8
1997,8,8
1998,12,12
1999,6,6
2000,9,9
2001,0,0
2002,5,5
2003,0,0
2004,6,6
2005,6,6
2006,0,0
2007,0,0
2008,0,0
2009,0,0
2010,0,0
2011,0,0
2012,0,0
2013,0,0
2014,0,0
2015,0,0
2016,0,0
2017,0,0