YOB,Born,Alive
1900,116,0
1901,124,0
1902,129,0
1903,126,0
1904,128,0
1905,162,0
1906,150,0
1907,167,0
1908,183,0
1909,208,0
1910,236,0
1911,259,0
1912,335,1
1913,410,1
1914,502,2
1915,662,3
1916,665,4
1917,618,4
1918,689,5
1919,706,6
1920,699,7
1921,748,21
1922,728,33
1923,728,46
1924,772,63
1925,792,79
1926,748,88
1927,726,98
1928,729,112
1929,642,110
1930,680,129
1931,652,146
1932,657,170
1933,627,184
1934,636,209
1935,614,223
1936,609,243
1937,601,261
1938,574,269
1939,538,271
1940,550,296
1941,525,295
1942,526,308
1943,529,322
1944,440,279
1945,442,290
1946,475,323
1947,488,344
1948,440,320
1949,432,325
1950,362,281
1951,441,347
1952,429,342
1953,440,356
1954,453,372
1955,444,369
1956,452,381
1957,403,344
1958,366,317
1959,349,306
1960,382,339
1961,308,275
1962,268,241
1963,240,217
1964,218,198
1965,199,182
1966,167,154
1967,164,152
1968,116,108
1969,113,106
1970,122,115
1971,108,102
1972,81,77
1973,84,80
1974,65,62
1975,49,47
1976,65,62
1977,58,56
1978,56,54
1979,49,47
1980,37,36
1981,46,45
1982,42,41
1983,45,44
1984,47,46
1985,50,49
1986,83,81
1987,102,100
1988,109,107
1989,97,95
1990,108,106
1991,156,153
1992,169,166
1993,157,155
1994,149,147
1995,123,121
1996,108,107
1997,65,64
1998,55,54
1999,46,45
2000,36,36
2001,33,33
2002,34,34
2003,30,30
2004,32,32
2005,28,28
2006,30,30
2007,24,24
2008,21,21
2009,25,25
2010,18,18
2011,21,21
2012,14,14
2013,11,11
2014,19,19
2015,14,14
2016,23,23
2017,19,19
2018,22,22
2019,26,26
2020,18,18