YOB,Born,Alive
1900,0,0
1901,0,0
1902,0,0
1903,0,0
1904,0,0
1905,0,0
1906,0,0
1907,0,0
1908,0,0
1909,0,0
1910,0,0
1911,0,0
1912,0,0
1913,0,0
1914,6,0
1915,6,0
1916,0,0
1917,0,0
1918,9,1
1919,0,0
1920,0,0
1921,6,1
1922,10,1
1923,8,1
1924,16,3
1925,7,2
1926,12,3
1927,15,4
1928,23,7
1929,11,4
1930,19,7
1931,24,10
1932,27,12
1933,24,11
1934,25,12
1935,37,20
1936,35,20
1937,28,16
1938,38,23
1939,39,25
1940,32,22
1941,56,39
1942,66,47
1943,102,74
1944,76,56
1945,69,52
1946,84,65
1947,88,70
1948,74,60
1949,81,67
1950,91,77
1951,96,82
1952,110,95
1953,86,75
1954,107,94
1955,97,86
1956,91,81
1957,90,81
1958,73,66
1959,88,80
1960,63,58
1961,71,65
1962,66,61
1963,61,57
1964,45,42
1965,43,40
1966,40,38
1967,26,24
1968,31,29
1969,26,25
1970,28,27
1971,31,30
1972,21,20
1973,11,11
1974,11,11
1975,14,13
1976,8,8
1977,26,25
1978,17,16
1979,12,12
1980,12,12
1981,18,18
1982,19,19
1983,20,20
1984,11,11
1985,11,11
1986,11,11
1987,10,10
1988,14,14
1989,11,11
1990,6,6
1991,9,9
1992,5,5
1993,0,0
1994,0,0
1995,0,0
1996,0,0
1997,0,0
1998,0,0
1999,0,0
2000,0,0
2001,0,0
2002,0,0
2003,0,0
2004,0,0
2005,6,6
2006,0,0
2007,0,0
2008,0,0
2009,0,0
2010,7,7