YOB,Born,Alive
1900,94,0
1901,80,0
1902,72,0
1903,84,0
1904,93,0
1905,83,0
1906,106,0
1907,112,0
1908,119,0
1909,117,0
1910,123,0
1911,140,0
1912,186,0
1913,225,1
1914,237,1
1915,357,2
1916,387,2
1917,398,3
1918,420,3
1919,374,3
1920,406,4
1921,425,12
1922,410,19
1923,382,24
1924,435,36
1925,377,38
1926,426,50
1927,392,53
1928,360,55
1929,335,57
1930,363,69
1931,309,69
1932,295,77
1933,275,81
1934,255,84
1935,268,98
1936,247,98
1937,220,95
1938,223,104
1939,225,113
1940,200,108
1941,178,100
1942,171,100
1943,162,99
1944,148,94
1945,138,91
1946,147,100
1947,166,117
1948,117,85
1949,119,89
1950,132,102
1951,108,85
1952,110,88
1953,97,78
1954,73,60
1955,94,78
1956,74,62
1957,67,57
1958,70,61
1959,81,71
1960,63,56
1961,58,52
1962,64,58
1963,63,57
1964,53,48
1965,50,46
1966,37,34
1967,45,42
1968,53,49
1969,36,34
1970,38,36
1971,57,54
1972,39,37
1973,40,38
1974,26,25
1975,23,22
1976,21,20
1977,28,27
1978,28,27
1979,19,18
1980,31,30
1981,19,18
1982,26,25
1983,21,20
1984,16,16
1985,13,13
1986,23,22
1987,21,21
1988,17,17
1989,16,16
1990,16,16
1991,27,27
1992,14,14
1993,12,12
1994,16,16
1995,22,22
1996,16,16
1997,11,11
1998,20,20
1999,16,16
2000,14,14
2001,15,15
2002,21,21
2003,24,24
2004,22,22
2005,20,20
2006,29,29
2007,32,32
2008,24,24
2009,36,36
2010,33,33
2011,28,28
2012,45,45
2013,41,41
2014,50,50
2015,44,44
2016,48,48
2017,63,63
2018,57,57
2019,60,60
2020,64,64