YOB,Born,Alive
1900,673,0
1901,519,0
1902,571,0
1903,527,0
1904,508,0
1905,535,0
1906,557,0
1907,582,0
1908,651,0
1909,610,0
1910,811,0
1911,827,1
1912,1078,2
1913,1290,4
1914,1575,6
1915,1987,10
1916,2166,13
1917,2411,16
1918,2510,19
1919,2629,23
1920,2982,29
1921,3323,92
1922,3518,161
1923,3673,234
1924,3989,326
1925,4325,431
1926,4566,537
1927,5022,681
1928,5537,851
1929,6870,1179
1930,9070,1720
1931,10035,2253
1932,10946,2839
1933,11869,3492
1934,13519,4448
1935,14544,5293
1936,16756,6682
1937,17070,7402
1938,18950,8877
1939,19724,9928
1940,19735,10621
1941,20883,11734
1942,23326,13660
1943,23988,14616
1944,23214,14695
1945,21456,14091
1946,28346,19288
1947,32445,22847
1948,29410,21407
1949,29249,21983
1950,29617,22962
1951,30348,23872
1952,31738,25324
1953,30617,24775
1954,30271,24837
1955,30021,24971
1956,28785,24268
1957,27509,23503
1958,24816,21482
1959,23077,20238
1960,21899,19452
1961,20716,18509
1962,18026,16199
1963,16269,14704
1964,14697,13359
1965,12255,11203
1966,11731,10785
1967,10267,9492
1968,8962,8332
1969,7898,7384
1970,7063,6640
1971,6215,5860
1972,4816,4554
1973,3942,3739
1974,3896,3706
1975,3511,3350
1976,3281,3139
1977,3221,3091
1978,3045,2931
1979,2865,2765
1980,2805,2715
1981,2911,2822
1982,2806,2724
1983,2520,2450
1984,2487,2421
1985,2606,2541
1986,2426,2369
1987,2235,2185
1988,2346,2297
1989,2346,2301
1990,2385,2342
1991,2497,2454
1992,2185,2149
1993,1986,1955
1994,2189,2156
1995,2001,1972
1996,1825,1800
1997,1525,1505
1998,1480,1462
1999,1420,1404
2000,1378,1363
2001,1419,1405
2002,1366,1353
2003,1177,1166
2004,1149,1139
2005,1014,1005
2006,1017,1009
2007,902,895
2008,858,852
2009,667,662
2010,573,569
2011,539,536
2012,437,434
2013,411,409
2014,371,369
2015,343,341
2016,310,308
2017,312,311
2018,325,324
2019,292,291
2020,294,293