YOB,Born,Alive
1900,29,0
1901,23,0
1902,18,0
1903,21,0
1904,24,0
1905,30,0
1906,27,0
1907,32,0
1908,36,0
1909,39,0
1910,32,0
1911,36,0
1912,54,0
1913,59,0
1914,47,0
1915,69,0
1916,81,0
1917,85,1
1918,79,1
1919,87,1
1920,111,1
1921,91,3
1922,86,4
1923,80,5
1924,89,7
1925,94,9
1926,75,9
1927,77,10
1928,84,13
1929,104,18
1930,75,14
1931,75,17
1932,73,19
1933,58,17
1934,78,26
1935,72,26
1936,56,22
1937,53,23
1938,68,32
1939,49,25
1940,44,24
1941,35,20
1942,42,25
1943,39,24
1944,29,18
1945,27,18
1946,33,22
1947,34,24
1948,44,32
1949,42,32
1950,29,22
1951,33,26
1952,33,26
1953,25,20
1954,27,22
1955,39,32
1956,31,26
1957,26,22
1958,19,16
1959,21,18
1960,34,30
1961,23,21
1962,50,45
1963,72,65
1964,50,45
1965,35,32
1966,38,35
1967,35,32
1968,29,27
1969,36,34
1970,51,48
1971,46,43
1972,58,55
1973,48,46
1974,53,50
1975,57,54
1976,65,62
1977,85,82
1978,56,54
1979,70,68
1980,66,64
1981,53,51
1982,50,49
1983,36,35
1984,36,35
1985,38,37
1986,26,25
1987,20,20
1988,19,19
1989,16,16
1990,25,25
1991,20,20
1992,11,11
1993,21,21
1994,19,19
1995,22,22
1996,24,24
1997,38,38
1998,54,53
1999,55,54
2000,66,65
2001,86,85
2002,91,90
2003,99,98
2004,114,113
2005,103,102
2006,105,104
2007,145,144
2008,176,175
2009,231,229
2010,217,216
2011,295,293
2012,462,459
2013,567,564
2014,1133,1127
2015,1524,1516
2016,2282,2271
2017,3042,3027
2018,4158,4139
2019,4305,4286
2020,4940,4920