YOB,Born,Alive
1900,40,0
1901,37,0
1902,44,0
1903,42,0
1904,39,0
1905,35,0
1906,51,0
1907,58,0
1908,49,0
1909,56,0
1910,47,0
1911,48,0
1912,73,0
1913,73,0
1914,89,0
1915,117,1
1916,123,1
1917,101,1
1918,109,1
1919,100,1
1920,118,1
1921,95,3
1922,96,4
1923,92,6
1924,85,7
1925,88,9
1926,71,8
1927,88,12
1928,84,13
1929,51,9
1930,80,15
1931,61,14
1932,64,17
1933,63,19
1934,57,19
1935,49,18
1936,40,16
1937,49,21
1938,52,24
1939,45,23
1940,44,24
1941,33,19
1942,43,25
1943,43,26
1944,32,20
1945,32,21
1946,27,18
1947,33,23
1948,41,30
1949,30,23
1950,27,21
1951,27,21
1952,26,21
1953,25,20
1954,23,19
1955,13,11
1956,16,13
1957,17,15
1958,22,19
1959,14,12
1960,10,9
1961,12,11
1962,0,0
1963,14,13
1964,11,10
1965,0,0
1966,6,6
1967,9,8
1968,7,7
1969,7,7
1970,5,5
1971,0,0
1972,5,5
1973,5,5
1974,0,0
1975,0,0
1976,8,8
1977,6,6
1978,6,6
1979,0,0
1980,0,0
1981,0,0
1982,0,0
1983,0,0
1984,0,0
1985,0,0
1986,0,0
1987,0,0
1988,0,0
1989,0,0
1990,0,0
1991,0,0
1992,0,0
1993,0,0
1994,0,0
1995,0,0
1996,0,0
1997,0,0
1998,0,0
1999,0,0
2000,0,0
2001,0,0
2002,0,0
2003,0,0
2004,0,0
2005,0,0
2006,0,0
2007,0,0
2008,0,0
2009,0,0
2010,0,0
2011,0,0
2012,0,0
2013,0,0
2014,0,0
2015,0,0
2016,0,0
2017,0,0
2018,0,0
2019,0,0
2020,0,0