YOB,Born,Alive
1900,0,0
1901,0,0
1902,0,0
1903,0,0
1904,0,0
1905,0,0
1906,0,0
1907,0,0
1908,0,0
1909,0,0
1910,0,0
1911,0,0
1912,5,0
1913,0,0
1914,0,0
1915,5,0
1916,7,0
1917,12,1
1918,13,1
1919,9,1
1920,17,1
1921,15,2
1922,22,3
1923,17,3
1924,18,4
1925,12,3
1926,18,5
1927,26,8
1928,14,4
1929,12,4
1930,17,7
1931,19,8
1932,14,6
1933,11,5
1934,10,5
1935,19,10
1936,19,11
1937,9,5
1938,15,9
1939,7,5
1940,11,7
1941,13,9
1942,0,0
1943,13,9
1944,9,7
1945,17,13
1946,9,7
1947,10,8
1948,9,7
1949,7,6
1950,10,8
1951,9,8
1952,7,6
1953,0,0
1954,0,0
1955,0,0
1956,5,4
1957,0,0
1958,0,0
1959,0,0
1960,5,5