YOB,Born,Alive
1900,0,0
1901,0,0
1902,0,0
1903,0,0
1904,0,0
1905,0,0
1906,0,0
1907,0,0
1908,0,0
1909,0,0
1910,0,0
1911,0,0
1912,0,0
1913,0,0
1914,0,0
1915,0,0
1916,0,0
1917,0,0
1918,0,0
1919,0,0
1920,0,0
1921,0,0
1922,0,0
1923,0,0
1924,0,0
1925,0,0
1926,0,0
1927,0,0
1928,0,0
1929,0,0
1930,0,0
1931,0,0
1932,0,0
1933,0,0
1934,0,0
1935,0,0
1936,0,0
1937,0,0
1938,0,0
1939,0,0
1940,0,0
1941,0,0
1942,0,0
1943,0,0
1944,0,0
1945,0,0
1946,0,0
1947,0,0
1948,0,0
1949,0,0
1950,0,0
1951,0,0
1952,0,0
1953,0,0
1954,0,0
1955,0,0
1956,0,0
1957,0,0
1958,0,0
1959,0,0
1960,0,0
1961,0,0
1962,0,0
1963,0,0
1964,0,0
1965,0,0
1966,0,0
1967,0,0
1968,0,0
1969,0,0
1970,0,0
1971,6,6
1972,5,5
1973,14,13
1974,19,18
1975,27,26
1976,27,26
1977,37,36
1978,39,38
1979,46,44
1980,53,51
1981,56,54
1982,48,47
1983,57,55
1984,43,42
1985,54,53
1986,45,44
1987,47,46
1988,51,50
1989,36,35
1990,57,56
1991,58,57
1992,69,68
1993,117,115
1994,88,87
1995,59,58
1996,51,50
1997,33,33
1998,24,24
1999,23,23
2000,11,11
2001,16,16
2002,10,10
2003,11,11
2004,10,10
2005,10,10
2006,0,0
2007,6,6
2008,6,6
2009,0,0
2010,5,5
2011,0,0
2012,5,5
2013,0,0
2014,0,0
2015,0,0
2016,0,0
2017,0,0
2018,0,0
2019,0,0
2020,0,0