YOB,Born,Alive
1900,0,0
1901,0,0
1902,0,0
1903,0,0
1904,0,0
1905,0,0
1906,10,0
1907,5,0
1908,8,0
1909,8,0
1910,8,0
1911,16,0
1912,27,0
1913,48,1
1914,54,2
1915,87,3
1916,134,6
1917,175,9
1918,156,9
1919,169,11
1920,213,15
1921,257,26
1922,214,29
1923,198,33
1924,188,37
1925,195,44
1926,137,35
1927,118,34
1928,107,34
1929,85,30
1930,105,40
1931,114,47
1932,117,52
1933,129,61
1934,110,55
1935,125,66
1936,115,64
1937,134,79
1938,183,113
1939,177,114
1940,207,139
1941,235,162
1942,281,199
1943,321,233
1944,319,237
1945,405,308
1946,490,381
1947,559,444
1948,519,421
1949,621,515
1950,596,505
1951,550,470
1952,540,465
1953,574,498
1954,911,797
1955,1178,1039
1956,1470,1307
1957,1526,1368
1958,1328,1200
1959,1127,1026
1960,910,835
1961,980,903
1962,877,811
1963,750,696
1964,610,568
1965,489,457
1966,419,393
1967,350,330
1968,258,244
1969,229,217
1970,189,180
1971,164,157
1972,141,135
1973,121,116
1974,112,108
1975,117,113
1976,111,107
1977,119,115
1978,116,113
1979,159,155
1980,143,139
1981,149,145
1982,137,134
1983,126,123
1984,130,127
1985,140,137
1986,93,91
1987,119,117
1988,142,140
1989,133,131
1990,128,126
1991,130,128
1992,93,92
1993,86,85
1994,120,118
1995,100,99
1996,97,96
1997,85,84
1998,68,67
1999,91,90
2000,98,97
2001,81,80
2002,65,64
2003,66,65
2004,91,90
2005,63,63
2006,67,67
2007,65,65
2008,74,74
2009,65,65
2010,70,70
2011,76,76
2012,56,56
2013,76,76