YOB,Born,Alive
1900,0,0
1901,0,0
1902,0,0
1903,0,0
1904,0,0
1905,0,0
1906,0,0
1907,0,0
1908,0,0
1909,0,0
1910,0,0
1911,0,0
1912,0,0
1913,0,0
1914,0,0
1915,0,0
1916,0,0
1917,0,0
1918,0,0
1919,0,0
1920,0,0
1921,0,0
1922,0,0
1923,0,0
1924,0,0
1925,0,0
1926,9,2
1927,0,0
1928,0,0
1929,5,2
1930,0,0
1931,9,4
1932,15,7
1933,12,6
1934,7,3
1935,7,4
1936,13,7
1937,7,4
1938,9,6
1939,10,6
1940,9,6
1941,16,11
1942,13,9
1943,12,9
1944,15,11
1945,10,8
1946,12,9
1947,15,12
1948,14,11
1949,16,13
1950,7,6
1951,12,10
1952,18,15
1953,10,9
1954,15,13
1955,19,17
1956,12,11
1957,18,16
1958,16,14
1959,14,13
1960,16,15
1961,21,19
1962,18,17
1963,18,17
1964,16,15
1965,18,17
1966,21,20
1967,20,19
1968,9,9
1969,19,18
1970,16,15
1971,13,12
1972,13,12
1973,12,12
1974,20,19
1975,7,7
1976,14,14
1977,11,11
1978,13,13
1979,22,21
1980,16,16
1981,18,18
1982,11,11
1983,18,18
1984,12,12
1985,12,12
1986,8,8
1987,11,11
1988,10,10
1989,10,10
1990,8,8
1991,0,0
1992,7,7
1993,0,0
1994,7,7
1995,0,0
1996,0,0
1997,5,5
1998,9,9
1999,7,7
2000,6,6
2001,0,0
2002,0,0
2003,0,0
2004,0,0
2005,0,0
2006,6,6