YOB,Born,Alive
1900,0,0
1901,0,0
1902,0,0
1903,0,0
1904,0,0
1905,0,0
1906,0,0
1907,0,0
1908,0,0
1909,0,0
1910,0,0
1911,0,0
1912,0,0
1913,0,0
1914,0,0
1915,0,0
1916,0,0
1917,0,0
1918,0,0
1919,0,0
1920,0,0
1921,0,0
1922,0,0
1923,0,0
1924,0,0
1925,0,0
1926,5,1
1927,0,0
1928,0,0
1929,0,0
1930,0,0
1931,0,0
1932,0,0
1933,0,0
1934,6,2
1935,5,2
1936,0,0
1937,5,3
1938,6,3
1939,5,3
1940,7,4
1941,8,5
1942,10,7
1943,9,6
1944,12,8
1945,8,6
1946,20,15
1947,42,32
1948,33,26
1949,33,26
1950,33,27
1951,32,26
1952,40,33
1953,31,26
1954,48,41
1955,71,61
1956,116,101
1957,92,81
1958,122,108
1959,141,126
1960,133,120
1961,127,115
1962,190,174
1963,202,185
1964,198,183
1965,182,169
1966,214,199
1967,202,189
1968,213,200
1969,237,223
1970,299,283
1971,281,267
1972,239,228
1973,225,215
1974,200,191
1975,203,195
1976,206,198
1977,226,218
1978,249,241
1979,232,225
1980,241,234
1981,188,183
1982,190,185
1983,188,183
1984,209,204
1985,203,198
1986,197,193
1987,195,191
1988,173,170
1989,149,146
1990,127,125
1991,124,122
1992,106,104
1993,117,115
1994,100,99
1995,73,72
1996,68,67
1997,61,60
1998,73,72
1999,71,70
2000,51,51
2001,62,61
2002,62,61
2003,57,57
2004,54,54
2005,52,52
2006,47,47
2007,34,34
2008,42,42
2009,30,30
2010,33,33
2011,16,16
2012,33,33
2013,26,26
2014,22,22
2015,25,25
2016,23,23
2017,13,13