YOB,Born,Alive
1900,16,0
1901,7,0
1902,9,0
1903,8,0
1904,13,0
1905,13,0
1906,7,0
1907,17,0
1908,21,0
1909,22,0
1910,27,0
1911,21,0
1912,23,0
1913,30,0
1914,34,0
1915,50,1
1916,48,1
1917,50,1
1918,75,2
1919,54,1
1920,88,3
1921,76,4
1922,77,6
1923,81,9
1924,70,9
1925,77,12
1926,76,14
1927,79,16
1928,88,21
1929,75,19
1930,80,23
1931,65,21
1932,62,22
1933,61,23
1934,76,32
1935,81,36
1936,77,37
1937,60,31
1938,75,41
1939,83,48
1940,82,50
1941,83,52
1942,90,59
1943,114,77
1944,119,82
1945,99,71
1946,116,85
1947,136,103
1948,112,87
1949,111,88
1950,115,94
1951,102,84
1952,82,68
1953,77,65
1954,85,72
1955,93,80
1956,91,79
1957,78,68
1958,56,50
1959,80,72
1960,65,59
1961,59,54
1962,60,55
1963,46,42
1964,53,49
1965,50,46
1966,43,40
1967,39,36
1968,39,37
1969,50,47
1970,36,34
1971,52,49
1972,23,22
1973,31,30
1974,34,33
1975,28,27
1976,36,35
1977,32,31
1978,19,18
1979,36,35
1980,31,30
1981,37,36
1982,25,24
1983,34,33
1984,21,21
1985,22,22
1986,23,23
1987,39,38
1988,27,26
1989,27,27
1990,34,33
1991,30,30
1992,39,38
1993,32,32
1994,34,34
1995,36,36
1996,29,29
1997,20,20
1998,27,27
1999,19,19
2000,16,16
2001,19,19
2002,16,16
2003,20,20
2004,20,20
2005,12,12
2006,16,16
2007,13,13
2008,13,13
2009,14,14
2010,17,17
2011,6,6
2012,16,16
2013,13,13
2014,11,11
2015,21,21
2016,15,15
2017,13,13