YOB,Born,Alive
1900,0,0
1901,0,0
1902,0,0
1903,0,0
1904,0,0
1905,0,0
1906,0,0
1907,0,0
1908,0,0
1909,0,0
1910,0,0
1911,0,0
1912,0,0
1913,0,0
1914,0,0
1915,0,0
1916,0,0
1917,0,0
1918,0,0
1919,0,0
1920,0,0
1921,0,0
1922,0,0
1923,0,0
1924,0,0
1925,0,0
1926,0,0
1927,0,0
1928,0,0
1929,0,0
1930,0,0
1931,0,0
1932,0,0
1933,0,0
1934,0,0
1935,0,0
1936,0,0
1937,0,0
1938,0,0
1939,0,0
1940,0,0
1941,0,0
1942,0,0
1943,0,0
1944,0,0
1945,0,0
1946,0,0
1947,0,0
1948,0,0
1949,0,0
1950,0,0
1951,0,0
1952,0,0
1953,0,0
1954,0,0
1955,0,0
1956,0,0
1957,0,0
1958,0,0
1959,0,0
1960,0,0
1961,0,0
1962,0,0
1963,0,0
1964,0,0
1965,0,0
1966,0,0
1967,0,0
1968,0,0
1969,0,0
1970,0,0
1971,0,0
1972,0,0
1973,0,0
1974,0,0
1975,0,0
1976,0,0
1977,0,0
1978,0,0
1979,0,0
1980,6,6
1981,0,0
1982,0,0
1983,0,0
1984,9,9
1985,10,10
1986,21,21
1987,19,19
1988,13,13
1989,40,39
1990,40,39
1991,30,29
1992,34,33
1993,31,31
1994,43,42
1995,34,34
1996,19,19
1997,27,27
1998,42,41
1999,23,23
2000,18,18
2001,30,30
2002,25,25
2003,12,12
2004,15,15
2005,13,13
2006,10,10
2007,5,5
2008,13,13
2009,7,7
2010,8,8
2011,5,5
2012,0,0
2013,5,5
2014,0,0
2015,0,0
2016,7,7
2017,0,0
2018,5,5
2019,0,0
2020,0,0