YOB,Born,Alive
1900,55,0
1901,35,0
1902,52,0
1903,48,0
1904,46,0
1905,65,0
1906,48,0
1907,54,0
1908,78,0
1909,83,0
1910,86,0
1911,140,0
1912,233,1
1913,288,2
1914,317,3
1915,464,5
1916,475,7
1917,544,9
1918,508,9
1919,499,10
1920,556,13
1921,599,26
1922,548,36
1923,623,54
1924,639,69
1925,618,79
1926,629,94
1927,612,105
1928,666,128
1929,599,128
1930,558,131
1931,584,155
1932,571,169
1933,526,172
1934,498,179
1935,545,212
1936,531,223
1937,501,226
1938,541,261
1939,523,269
1940,548,299
1941,497,282
1942,576,339
1943,672,409
1944,549,346
1945,508,331
1946,626,422
1947,630,438
1948,549,393
1949,520,384
1950,539,409
1951,589,453
1952,604,471
1953,547,432
1954,592,473
1955,595,482
1956,568,466
1957,562,466
1958,600,504
1959,499,424
1960,546,470
1961,522,452
1962,521,455
1963,486,427
1964,471,417
1965,613,546
1966,454,407
1967,431,389
1968,422,384
1969,442,405
1970,538,496
1971,520,481
1972,451,419
1973,388,362
1974,336,314
1975,368,346
1976,337,318
1977,327,310
1978,296,281
1979,290,277
1980,257,246
1981,273,262
1982,299,287
1983,222,214
1984,279,269
1985,386,373
1986,528,511
1987,633,614
1988,741,720
1989,904,880
1990,1158,1130
1991,1299,1269
1992,1495,1463
1993,1225,1200
1994,979,961
1995,888,873
1996,841,827
1997,766,755
1998,702,693
1999,711,702
2000,715,707
2001,614,608
2002,581,575
2003,507,502
2004,444,440
2005,447,443
2006,468,464
2007,453,449
2008,482,478
2009,431,428
2010,494,491
2011,521,518
2012,581,577
2013,643,639