YOB,Born,Alive
1900,0,0
1901,0,0
1902,0,0
1903,0,0
1904,0,0
1905,0,0
1906,0,0
1907,0,0
1908,0,0
1909,0,0
1910,0,0
1911,0,0
1912,0,0
1913,0,0
1914,0,0
1915,0,0
1916,0,0
1917,0,0
1918,0,0
1919,0,0
1920,0,0
1921,0,0
1922,5,0
1923,5,0
1924,0,0
1925,0,0
1926,0,0
1927,0,0
1928,0,0
1929,0,0
1930,0,0
1931,0,0
1932,0,0
1933,0,0
1934,0,0
1935,0,0
1936,0,0
1937,0,0
1938,5,2
1939,6,2
1940,6,2
1941,5,2
1942,7,3
1943,8,4
1944,13,7
1945,16,9
1946,13,7
1947,25,15
1948,23,14
1949,28,18
1950,39,26
1951,40,27
1952,54,38
1953,52,37
1954,82,60
1955,57,42
1956,84,64
1957,67,52
1958,68,54
1959,61,49
1960,51,42
1961,64,53
1962,60,50
1963,41,35
1964,52,44
1965,59,51
1966,56,49
1967,73,64
1968,57,50
1969,79,70
1970,71,64
1971,74,67
1972,75,68
1973,83,76
1974,68,62
1975,78,72
1976,71,66
1977,70,65
1978,79,74
1979,64,60
1980,55,52
1981,65,62
1982,69,66
1983,75,72
1984,70,67
1985,68,65
1986,65,62
1987,80,77
1988,73,70
1989,73,71
1990,59,57
1991,42,41
1992,26,25
1993,30,29
1994,25,24
1995,24,23
1996,26,25
1997,16,16
1998,27,27
1999,19,19
2000,16,16
2001,13,13
2002,13,13
2003,11,11
2004,11,11
2005,11,11
2006,13,13
2007,12,12
2008,7,7
2009,10,10
2010,19,19
2011,10,10
2012,0,0
2013,10,10
2014,0,0
2015,10,10
2016,9,9
2017,0,0
2018,5,5
2019,0,0
2020,6,6