YOB,Born,Alive
1900,6,0
1901,0,0
1902,0,0
1903,0,0
1904,0,0
1905,0,0
1906,0,0
1907,0,0
1908,0,0
1909,0,0
1910,0,0
1911,8,0
1912,6,0
1913,7,0
1914,9,0
1915,13,0
1916,15,0
1917,11,0
1918,8,0
1919,15,0
1920,9,0
1921,12,0
1922,9,0
1923,11,1
1924,13,1
1925,12,1
1926,18,2
1927,17,2
1928,14,2
1929,12,2
1930,8,2
1931,9,2
1932,9,2
1933,9,3
1934,9,3
1935,7,3
1936,6,2
1937,13,6
1938,7,3
1939,7,4
1940,10,5
1941,5,3
1942,5,3
1943,6,4
1944,0,0
1945,0,0
1946,12,8
1947,20,14
1948,23,17
1949,26,20
1950,28,22
1951,20,16
1952,34,27
1953,48,39
1954,64,53
1955,56,47
1956,74,62
1957,67,57
1958,48,42
1959,109,96
1960,125,111
1961,132,118
1962,97,87
1963,121,109
1964,121,110
1965,112,102
1966,131,120
1967,89,82
1968,92,86
1969,75,70
1970,101,95
1971,117,110
1972,99,94
1973,121,115
1974,136,129
1975,153,146
1976,160,153
1977,198,190
1978,150,144
1979,158,153
1980,165,160
1981,206,200
1982,156,151
1983,166,161
1984,133,129
1985,132,129
1986,111,108
1987,143,140
1988,125,122
1989,96,94
1990,67,66
1991,64,63
1992,44,43
1993,33,32
1994,25,25
1995,20,20
1996,17,17
1997,24,24
1998,20,20
1999,17,17
2000,21,21
2001,17,17
2002,15,15
2003,13,13
2004,15,15
2005,18,18
2006,7,7
2007,17,17
2008,10,10
2009,6,6
2010,8,8
2011,5,5
2012,10,10
2013,14,14
2014,19,19
2015,20,20
2016,20,20
2017,17,17
2018,24,24
2019,17,17
2020,17,17