YOB,Born,Alive
1900,0,0
1901,5,0
1902,0,0
1903,0,0
1904,6,0
1905,0,0
1906,0,0
1907,0,0
1908,0,0
1909,0,0
1910,8,0
1911,0,0
1912,5,0
1913,0,0
1914,8,0
1915,13,0
1916,15,1
1917,13,1
1918,12,1
1919,15,1
1920,13,1
1921,8,1
1922,21,3
1923,15,2
1924,19,4
1925,14,3
1926,9,2
1927,18,5
1928,20,6
1929,23,8
1930,31,12
1931,22,9
1932,19,8
1933,25,12
1934,18,9
1935,24,13
1936,20,11
1937,24,14
1938,23,14
1939,28,18
1940,28,19
1941,23,16
1942,27,19
1943,23,17
1944,20,15
1945,16,12
1946,24,19
1947,18,14
1948,29,24
1949,29,24
1950,16,14
1951,22,19
1952,15,13
1953,38,33
1954,25,22
1955,26,23
1956,21,19
1957,22,20
1958,17,15
1959,17,15
1960,14,13
1961,14,13
1962,15,14
1963,6,6
1964,9,8
1965,10,9
1966,8,8
1967,7,7
1968,0,0
1969,8,8
1970,0,0
1971,6,6
1972,0,0
1973,7,7
1974,0,0
1975,0,0
1976,0,0
1977,7,7