YOB,Born,Alive
1900,38,0
1901,30,0
1902,43,0
1903,29,0
1904,39,0
1905,41,0
1906,33,0
1907,45,0
1908,38,0
1909,40,0
1910,46,0
1911,49,0
1912,82,1
1913,55,1
1914,85,2
1915,67,2
1916,97,4
1917,104,5
1918,109,6
1919,109,7
1920,151,11
1921,156,16
1922,157,21
1923,133,22
1924,153,30
1925,168,38
1926,167,43
1927,179,52
1928,197,63
1929,191,67
1930,169,65
1931,133,55
1932,111,49
1933,109,51
1934,120,60
1935,98,52
1936,80,45
1937,98,57
1938,96,59
1939,79,51
1940,83,56
1941,69,48
1942,77,55
1943,89,65
1944,81,60
1945,112,85
1946,102,79
1947,103,82
1948,130,106
1949,103,85
1950,98,83
1951,100,85
1952,101,87
1953,108,94
1954,101,88
1955,75,66
1956,90,80
1957,114,102
1958,92,83
1959,96,87
1960,129,118
1961,89,82
1962,86,80
1963,98,91
1964,94,88
1965,88,82
1966,102,96
1967,90,85
1968,90,85
1969,117,111
1970,106,101
1971,130,124
1972,109,104
1973,127,122
1974,148,142
1975,129,124
1976,137,132
1977,125,121
1978,139,135
1979,142,138
1980,166,162
1981,165,161
1982,159,155
1983,123,120
1984,115,113
1985,153,150
1986,106,104
1987,115,113
1988,134,132
1989,146,144
1990,132,130
1991,138,136
1992,147,145
1993,134,132
1994,127,125
1995,117,116
1996,137,135
1997,104,103
1998,90,89
1999,97,96
2000,103,102
2001,90,89
2002,88,87
2003,79,78
2004,87,86
2005,67,67
2006,66,66
2007,66,66
2008,68,68
2009,60,60
2010,51,51
2011,35,35
2012,46,46
2013,51,51