YOB,Born,Alive
1900,0,0
1901,0,0
1902,0,0
1903,0,0
1904,0,0
1905,0,0
1906,0,0
1907,0,0
1908,0,0
1909,0,0
1910,0,0
1911,0,0
1912,0,0
1913,0,0
1914,0,0
1915,5,0
1916,9,0
1917,0,0
1918,6,0
1919,6,0
1920,0,0
1921,7,0
1922,0,0
1923,6,1
1924,0,0
1925,7,1
1926,0,0
1927,0,0
1928,0,0
1929,0,0
1930,0,0
1931,0,0
1932,0,0
1933,0,0
1934,10,4
1935,8,3
1936,14,6
1937,25,11
1938,33,16
1939,22,11
1940,20,11
1941,15,8
1942,10,6
1943,13,8
1944,8,5
1945,0,0
1946,6,4
1947,0,0
1948,8,6
1949,0,0
1950,5,4
1951,0,0
1952,0,0
1953,0,0
1954,0,0
1955,6,5
1956,7,6
1957,0,0
1958,0,0
1959,0,0
1960,0,0
1961,0,0
1962,0,0
1963,0,0
1964,5,4
1965,8,7
1966,5,4
1967,0,0
1968,0,0
1969,0,0
1970,0,0
1971,0,0
1972,0,0
1973,6,6
1974,0,0
1975,0,0
1976,0,0
1977,0,0
1978,0,0
1979,0,0
1980,0,0
1981,0,0
1982,0,0
1983,0,0
1984,0,0
1985,0,0
1986,0,0
1987,0,0
1988,5,5