YOB,Born,Alive
1900,0,0
1901,0,0
1902,0,0
1903,0,0
1904,0,0
1905,0,0
1906,0,0
1907,0,0
1908,7,0
1909,0,0
1910,0,0
1911,0,0
1912,14,0
1913,17,0
1914,27,0
1915,29,0
1916,22,0
1917,34,0
1918,36,0
1919,41,0
1920,51,0
1921,45,1
1922,40,1
1923,44,2
1924,35,2
1925,43,4
1926,42,4
1927,40,4
1928,39,5
1929,42,6
1930,29,5
1931,35,7
1932,37,8
1933,47,12
1934,42,12
1935,60,19
1936,62,22
1937,79,30
1938,91,37
1939,78,35
1940,63,30
1941,87,43
1942,44,23
1943,55,30
1944,46,26
1945,45,27
1946,54,34
1947,51,33
1948,50,33
1949,38,26
1950,47,34
1951,27,20
1952,29,22
1953,29,22
1954,33,25
1955,32,25
1956,22,17
1957,25,20
1958,24,20
1959,27,22
1960,26,22
1961,24,20
1962,29,25
1963,20,17
1964,26,23
1965,17,15
1966,21,19
1967,18,16
1968,25,22
1969,24,22
1970,17,15
1971,26,24
1972,23,21
1973,21,19
1974,14,13
1975,15,14
1976,20,19
1977,10,9
1978,8,8
1979,13,12
1980,8,8
1981,14,13
1982,13,12
1983,5,5
1984,11,11
1985,10,10
1986,12,12
1987,5,5
1988,13,13
1989,11,11
1990,0,0
1991,0,0
1992,5,5
1993,5,5
1994,5,5
1995,0,0
1996,0,0
1997,5,5
1998,7,7
1999,6,6
2000,5,5
2001,0,0
2002,0,0
2003,0,0
2004,0,0
2005,5,5
2006,6,6
2007,6,6
2008,0,0
2009,0,0
2010,0,0
2011,0,0
2012,0,0
2013,0,0
2014,5,5
2015,5,5
2016,0,0
2017,7,7