YOB,Born,Alive
1900,133,0
1901,113,0
1902,115,0
1903,107,0
1904,139,0
1905,143,0
1906,125,0
1907,132,0
1908,156,0
1909,153,0
1910,191,0
1911,230,0
1912,522,0
1913,611,0
1914,882,1
1915,1137,1
1916,1201,1
1917,1285,2
1918,1385,2
1919,1355,2
1920,1501,3
1921,1630,18
1922,1539,30
1923,1678,48
1924,1822,68
1925,1785,82
1926,1702,93
1927,1714,109
1928,1778,129
1929,1730,141
1930,1720,155
1931,1698,205
1932,1611,244
1933,1474,268
1934,1445,307
1935,1486,362
1936,1490,408
1937,1318,401
1938,1429,479
1939,1329,486
1940,1267,502
1941,1287,545
1942,1451,654
1943,1384,662
1944,1268,641
1945,1185,631
1946,1263,707
1947,1433,841
1948,1332,818
1949,1221,783
1950,1193,798
1951,1296,886
1952,1275,891
1953,1280,914
1954,1322,964
1955,1269,944
1956,1220,926
1957,1209,936
1958,1108,875
1959,1157,931
1960,1140,935
1961,1132,937
1962,1069,893
1963,1071,904
1964,1086,925
1965,934,803
1966,880,764
1967,800,701
1968,798,705
1969,770,687
1970,739,665
1971,640,579
1972,579,526
1973,563,515
1974,516,474
1975,514,475
1976,511,474
1977,473,441
1978,485,455
1979,465,438
1980,479,454
1981,455,432
1982,421,401
1983,404,385
1984,430,411
1985,414,397
1986,380,365
1987,408,393
1988,434,419
1989,405,392
1990,379,368
1991,359,349
1992,358,348
1993,332,323
1994,324,316
1995,286,279
1996,315,308
1997,254,249
1998,252,247
1999,255,251
2000,257,253
2001,242,238
2002,238,235
2003,248,245
2004,236,233
2005,277,274
2006,265,262
2007,301,298
2008,296,293
2009,304,301
2010,290,288
2011,302,300
2012,313,311
2013,360,358
2014,437,434
2015,471,468
2016,510,507
2017,534,531
2018,514,511
2019,536,533
2020,487,485