YOB,Born,Alive
1900,0,0
1901,0,0
1902,0,0
1903,0,0
1904,0,0
1905,0,0
1906,0,0
1907,0,0
1908,0,0
1909,0,0
1910,0,0
1911,0,0
1912,0,0
1913,0,0
1914,0,0
1915,0,0
1916,5,0
1917,0,0
1918,7,0
1919,6,0
1920,5,0
1921,9,0
1922,11,0
1923,7,0
1924,6,0
1925,8,1
1926,8,1
1927,7,1
1928,11,1
1929,0,0
1930,0,0
1931,13,2
1932,5,1
1933,6,2
1934,11,3
1935,7,2
1936,7,2
1937,8,3
1938,8,3
1939,7,3
1940,5,2
1941,0,0
1942,5,3
1943,7,4
1944,9,5
1945,11,7
1946,8,5
1947,8,5
1948,10,7
1949,13,9
1950,9,6
1951,5,4
1952,12,9
1953,6,5
1954,5,4
1955,8,6
1956,8,6
1957,10,8
1958,7,6
1959,7,6
1960,5,4
1961,6,5
1962,0,0
1963,5,4
1964,16,14
1965,6,5
1966,8,7
1967,8,7
1968,7,6
1969,10,9
1970,0,0
1971,11,10
1972,7,6
1973,7,6
1974,7,6
1975,9,8
1976,12,11
1977,0,0
1978,13,12
1979,12,11
1980,11,10
1981,20,19
1982,17,16
1983,10,10
1984,15,14
1985,20,19
1986,20,19
1987,14,14
1988,29,28
1989,27,26
1990,29,28
1991,39,38
1992,42,41
1993,38,37
1994,53,52
1995,64,63
1996,89,87
1997,109,107
1998,103,101
1999,143,141
2000,155,153
2001,197,195
2002,205,203
2003,326,322
2004,529,523
2005,602,596
2006,672,666
2007,869,861
2008,971,963
2009,956,949
2010,955,948
2011,1046,1039
2012,1146,1140
2013,1195,1190
2014,1546,1540
2015,1811,1806
2016,2190,2186
2017,2827,2824