YOB,Born,Alive
1900,0,0
1901,0,0
1902,0,0
1903,0,0
1904,0,0
1905,0,0
1906,0,0
1907,0,0
1908,0,0
1909,0,0
1910,0,0
1911,0,0
1912,0,0
1913,0,0
1914,0,0
1915,0,0
1916,0,0
1917,0,0
1918,0,0
1919,0,0
1920,5,0
1921,0,0
1922,8,1
1923,0,0
1924,0,0
1925,0,0
1926,9,1
1927,11,2
1928,7,1
1929,6,1
1930,5,1
1931,8,2
1932,8,2
1933,7,2
1934,13,5
1935,14,5
1936,12,5
1937,26,12
1938,8,4
1939,17,9
1940,18,10
1941,29,16
1942,18,11
1943,11,7
1944,17,11
1945,13,8
1946,14,9
1947,16,11
1948,13,9
1949,11,8
1950,19,14
1951,15,12
1952,7,5
1953,10,8
1954,15,12
1955,15,12
1956,10,8
1957,11,9
1958,12,10
1959,11,9
1960,11,9
1961,11,10
1962,8,7
1963,10,9
1964,0,0
1965,5,4
1966,7,6
1967,6,5
1968,5,5
1969,7,6
1970,7,6
1971,10,9
1972,0,0
1973,0,0
1974,5,5
1975,0,0
1976,0,0
1977,0,0
1978,0,0
1979,0,0
1980,0,0
1981,0,0
1982,0,0
1983,6,6