YOB,Born,Alive
1900,19,0
1901,6,0
1902,9,0
1903,10,0
1904,5,0
1905,10,0
1906,7,0
1907,9,0
1908,8,0
1909,8,0
1910,5,0
1911,13,0
1912,32,0
1913,35,0
1914,61,1
1915,71,1
1916,88,1
1917,85,1
1918,98,2
1919,59,1
1920,76,2
1921,65,3
1922,64,4
1923,73,6
1924,80,9
1925,54,7
1926,70,10
1927,57,10
1928,73,14
1929,54,12
1930,57,13
1931,46,12
1932,43,13
1933,31,10
1934,42,15
1935,39,15
1936,44,19
1937,35,16
1938,28,14
1939,46,24
1940,39,21
1941,45,25
1942,36,21
1943,24,15
1944,41,26
1945,23,15
1946,42,28
1947,33,23
1948,30,21
1949,34,25
1950,31,24
1951,41,32
1952,42,33
1953,47,37
1954,52,42
1955,17,14
1956,35,29
1957,49,41
1958,31,26
1959,35,30
1960,36,31
1961,37,32
1962,33,29
1963,33,29
1964,23,20
1965,18,16
1966,25,22
1967,20,18
1968,13,12
1969,19,17
1970,16,15
1971,24,22
1972,18,17
1973,17,16
1974,11,10
1975,19,18
1976,25,24
1977,16,15
1978,15,14
1979,24,23
1980,22,21
1981,18,17
1982,15,14
1983,14,13
1984,19,18
1985,14,14
1986,17,16
1987,18,17
1988,16,16
1989,12,12
1990,15,15
1991,14,14
1992,21,21
1993,7,7
1994,20,20
1995,5,5
1996,10,10
1997,9,9
1998,8,8
1999,0,0
2000,8,8
2001,9,9
2002,9,9
2003,8,8
2004,5,5
2005,7,7
2006,0,0
2007,5,5
2008,8,8
2009,8,8
2010,0,0
2011,6,6
2012,6,6
2013,10,10