YOB,Born,Alive
1900,0,0
1901,0,0
1902,0,0
1903,0,0
1904,0,0
1905,0,0
1906,0,0
1907,0,0
1908,0,0
1909,0,0
1910,0,0
1911,0,0
1912,0,0
1913,0,0
1914,0,0
1915,0,0
1916,0,0
1917,0,0
1918,0,0
1919,0,0
1920,0,0
1921,0,0
1922,0,0
1923,0,0
1924,0,0
1925,0,0
1926,0,0
1927,0,0
1928,0,0
1929,0,0
1930,0,0
1931,0,0
1932,0,0
1933,0,0
1934,0,0
1935,0,0
1936,0,0
1937,0,0
1938,0,0
1939,0,0
1940,0,0
1941,0,0
1942,0,0
1943,0,0
1944,0,0
1945,0,0
1946,0,0
1947,0,0
1948,0,0
1949,0,0
1950,0,0
1951,0,0
1952,0,0
1953,5,4
1954,0,0
1955,0,0
1956,0,0
1957,0,0
1958,0,0
1959,0,0
1960,0,0
1961,0,0
1962,0,0
1963,0,0
1964,0,0
1965,6,5
1966,8,7
1967,0,0
1968,5,4
1969,9,8
1970,9,8
1971,13,12
1972,12,11
1973,10,9
1974,14,13
1975,11,10
1976,13,12
1977,7,7
1978,8,8
1979,8,8
1980,6,6
1981,8,8
1982,11,11
1983,0,0
1984,8,8
1985,0,0
1986,7,7
1987,0,0
1988,9,9
1989,7,7
1990,13,13
1991,0,0
1992,8,8
1993,5,5
1994,0,0
1995,0,0
1996,7,7
1997,0,0
1998,0,0
1999,7,7
2000,0,0
2001,0,0
2002,0,0
2003,0,0
2004,0,0
2005,0,0
2006,0,0
2007,5,5
2008,5,5
2009,0,0
2010,0,0
2011,7,7
2012,0,0
2013,0,0
2014,0,0
2015,0,0
2016,0,0
2017,0,0