YOB,Born,Alive
1900,0,0
1901,0,0
1902,0,0
1903,0,0
1904,0,0
1905,0,0
1906,0,0
1907,0,0
1908,0,0
1909,0,0
1910,0,0
1911,0,0
1912,0,0
1913,0,0
1914,0,0
1915,0,0
1916,0,0
1917,0,0
1918,7,0
1919,0,0
1920,0,0
1921,0,0
1922,0,0
1923,5,0
1924,6,0
1925,6,0
1926,6,1
1927,6,1
1928,6,1
1929,0,0
1930,9,1
1931,8,2
1932,5,1
1933,12,3
1934,12,3
1935,5,2
1936,11,4
1937,7,3
1938,8,3
1939,17,8
1940,24,11
1941,18,9
1942,14,7
1943,20,11
1944,20,11
1945,21,13
1946,15,9
1947,31,20
1948,36,24
1949,34,24
1950,52,37
1951,74,54
1952,74,55
1953,69,52
1954,79,61
1955,76,59
1956,72,57
1957,106,85
1958,88,72
1959,192,159
1960,150,126
1961,108,92
1962,139,119
1963,103,89
1964,103,90
1965,85,75
1966,76,67
1967,76,68
1968,94,84
1969,91,82
1970,81,74
1971,64,59
1972,48,44
1973,55,51
1974,39,36
1975,54,50
1976,57,53
1977,52,49
1978,44,42
1979,54,51
1980,51,49
1981,45,43
1982,47,45
1983,53,51
1984,58,56
1985,46,44
1986,51,49
1987,56,54
1988,50,48
1989,75,73
1990,68,66
1991,74,72
1992,81,79
1993,82,80
1994,141,138
1995,221,217
1996,224,220
1997,230,226
1998,221,218
1999,211,208
2000,213,210
2001,199,197
2002,263,260
2003,335,331
2004,320,317
2005,325,322
2006,320,317
2007,360,357
2008,394,391
2009,378,375
2010,411,408
2011,431,428
2012,429,427
2013,403,401
2014,417,415
2015,350,349
2016,337,336
2017,353,353