YOB,Born,Alive
1900,19,0
1901,12,0
1902,13,0
1903,18,0
1904,10,0
1905,14,0
1906,18,0
1907,15,0
1908,14,0
1909,12,0
1910,23,0
1911,32,0
1912,39,0
1913,42,0
1914,56,1
1915,57,1
1916,61,1
1917,69,1
1918,53,1
1919,62,1
1920,57,1
1921,57,3
1922,72,5
1923,70,6
1924,55,6
1925,52,7
1926,55,8
1927,56,10
1928,60,12
1929,56,12
1930,73,17
1931,44,12
1932,73,22
1933,54,18
1934,53,19
1935,59,23
1936,51,21
1937,60,27
1938,56,27
1939,60,31
1940,48,26
1941,76,43
1942,64,38
1943,74,45
1944,59,37
1945,68,44
1946,91,61
1947,90,63
1948,97,69
1949,92,68
1950,107,81
1951,128,98
1952,132,103
1953,156,123
1954,169,135
1955,154,125
1956,133,109
1957,148,123
1958,147,124
1959,138,117
1960,141,121
1961,145,126
1962,138,120
1963,124,109
1964,97,86
1965,92,82
1966,85,76
1967,88,79
1968,74,67
1969,65,59
1970,77,71
1971,57,53
1972,61,57
1973,70,65
1974,48,45
1975,47,44
1976,72,68
1977,107,101
1978,90,86
1979,79,75
1980,88,84
1981,114,109
1982,138,133
1983,127,122
1984,114,110
1985,116,112
1986,108,105
1987,95,92
1988,86,84
1989,97,94
1990,70,68
1991,58,57
1992,48,47
1993,52,51
1994,40,39
1995,50,49
1996,29,29
1997,31,31
1998,35,35
1999,14,14
2000,17,17
2001,22,22
2002,20,20
2003,18,18
2004,30,30
2005,16,16
2006,14,14
2007,9,9
2008,9,9
2009,12,12
2010,8,8
2011,6,6
2012,10,10
2013,10,10