YOB,Born,Alive
1900,0,0
1901,5,0
1902,0,0
1903,0,0
1904,0,0
1905,5,0
1906,0,0
1907,0,0
1908,0,0
1909,0,0
1910,0,0
1911,0,0
1912,6,0
1913,9,0
1914,18,0
1915,14,0
1916,16,0
1917,20,0
1918,28,0
1919,30,0
1920,23,0
1921,30,0
1922,23,0
1923,21,1
1924,26,1
1925,30,1
1926,24,1
1927,28,2
1928,23,2
1929,31,3
1930,40,4
1931,22,3
1932,24,4
1933,20,4
1934,20,4
1935,26,6
1936,19,5
1937,19,6
1938,21,7
1939,14,5
1940,16,6
1941,24,10
1942,14,6
1943,17,8
1944,12,6
1945,14,7
1946,11,6
1947,5,3
1948,14,9
1949,9,6
1950,10,7
1951,6,4
1952,7,5
1953,9,6
1954,13,9
1955,7,5
1956,5,4
1957,13,10
1958,8,6
1959,5,4
1960,7,6
1961,11,9
1962,7,6
1963,6,5
1964,16,14
1965,7,6
1966,5,4
1967,5,4
1968,5,4
1969,0,0
1970,0,0
1971,0,0
1972,0,0
1973,0,0
1974,0,0
1975,0,0
1976,0,0
1977,5,5
1978,0,0
1979,0,0
1980,0,0
1981,0,0
1982,0,0
1983,0,0
1984,0,0
1985,0,0
1986,0,0
1987,0,0
1988,0,0
1989,7,7
1990,0,0
1991,0,0
1992,0,0
1993,0,0
1994,0,0
1995,0,0
1996,0,0
1997,0,0
1998,0,0
1999,0,0
2000,0,0
2001,0,0
2002,0,0
2003,0,0
2004,0,0
2005,0,0
2006,0,0
2007,0,0
2008,0,0
2009,0,0
2010,0,0
2011,0,0
2012,0,0
2013,0,0
2014,0,0
2015,0,0
2016,0,0
2017,0,0
2018,0,0
2019,0,0
2020,0,0