YOB,Born,Alive
1900,0,0
1901,0,0
1902,0,0
1903,0,0
1904,0,0
1905,0,0
1906,6,0
1907,0,0
1908,0,0
1909,0,0
1910,10,0
1911,6,0
1912,8,0
1913,0,0
1914,11,0
1915,16,0
1916,14,0
1917,18,0
1918,17,0
1919,11,0
1920,11,0
1921,14,1
1922,12,1
1923,10,1
1924,18,2
1925,13,2
1926,12,2
1927,11,2
1928,9,2
1929,11,2
1930,18,4
1931,12,3
1932,12,4
1933,10,3
1934,9,3
1935,12,5
1936,8,3
1937,11,5
1938,9,4
1939,11,6
1940,18,10
1941,8,5
1942,10,6
1943,9,5
1944,9,6
1945,10,7
1946,6,4
1947,10,7
1948,0,0
1949,7,5
1950,0,0
1951,6,5
1952,7,5
1953,0,0
1954,9,7
1955,5,4
1956,0,0
1957,9,7
1958,9,8
1959,9,8
1960,7,6
1961,8,7
1962,8,7
1963,7,6
1964,5,4
1965,6,5
1966,10,9
1967,0,0
1968,5,5
1969,5,5
1970,0,0
1971,6,6
1972,0,0
1973,0,0
1974,0,0
1975,0,0
1976,5,5
1977,5,5
1978,0,0
1979,0,0
1980,0,0
1981,5,5
1982,6,6
1983,6,6
1984,7,7
1985,0,0
1986,6,6
1987,0,0
1988,0,0
1989,8,8
1990,6,6