YOB,Born,Alive
1900,0,0
1901,0,0
1902,0,0
1903,0,0
1904,0,0
1905,0,0
1906,0,0
1907,0,0
1908,0,0
1909,5,0
1910,0,0
1911,0,0
1912,0,0
1913,6,0
1914,7,0
1915,6,0
1916,0,0
1917,0,0
1918,5,0
1919,5,0
1920,7,0
1921,12,0
1922,0,0
1923,5,0
1924,7,0
1925,7,1
1926,8,1
1927,6,1
1928,5,1
1929,15,2
1930,10,2
1931,6,1
1932,7,2
1933,6,2
1934,0,0
1935,7,2
1936,6,2
1937,0,0
1938,5,2
1939,10,4
1940,5,2
1941,8,4
1942,15,8
1943,8,4
1944,14,8
1945,10,6
1946,13,8
1947,6,4
1948,5,3
1949,8,6
1950,12,9
1951,9,7
1952,7,5
1953,6,5
1954,7,5
1955,9,7
1956,11,9
1957,7,6
1958,6,5
1959,10,8
1960,7,6
1961,0,0
1962,0,0
1963,8,7
1964,0,0
1965,5,4
1966,0,0
1967,0,0
1968,0,0
1969,9,8
1970,0,0
1971,0,0
1972,0,0
1973,6,6
1974,0,0
1975,0,0
1976,0,0
1977,5,5
1978,0,0
1979,0,0
1980,0,0
1981,0,0
1982,0,0
1983,0,0
1984,0,0
1985,0,0
1986,0,0
1987,0,0
1988,0,0
1989,0,0
1990,0,0
1991,0,0
1992,0,0
1993,0,0
1994,0,0
1995,0,0
1996,0,0
1997,0,0
1998,0,0
1999,0,0
2000,0,0
2001,0,0
2002,0,0
2003,0,0
2004,0,0
2005,0,0
2006,0,0
2007,0,0
2008,0,0
2009,0,0
2010,0,0
2011,0,0
2012,0,0
2013,0,0
2014,0,0
2015,0,0
2016,0,0
2017,0,0