YOB,Born,Alive
1900,21,0
1901,17,0
1902,23,0
1903,19,0
1904,29,0
1905,24,0
1906,19,0
1907,27,0
1908,20,0
1909,20,0
1910,38,0
1911,38,0
1912,50,0
1913,47,0
1914,57,0
1915,91,0
1916,84,0
1917,66,0
1918,88,1
1919,69,1
1920,99,1
1921,81,2
1922,86,4
1923,82,5
1924,61,5
1925,76,8
1926,61,7
1927,66,9
1928,66,10
1929,65,11
1930,54,10
1931,41,9
1932,45,12
1933,41,12
1934,44,14
1935,37,13
1936,30,12
1937,50,22
1938,36,17
1939,34,17
1940,36,19
1941,37,21
1942,36,21
1943,33,20
1944,34,22
1945,30,20
1946,22,15
1947,22,15
1948,33,24
1949,28,21
1950,20,16
1951,30,24
1952,22,18
1953,15,12
1954,27,22
1955,17,14
1956,14,12
1957,11,9
1958,12,10
1959,6,5
1960,9,8
1961,16,14
1962,10,9
1963,10,9
1964,12,11
1965,9,8
1966,8,7
1967,11,10
1968,8,7
1969,10,9
1970,7,7
1971,8,8
1972,5,5
1973,5,5
1974,6,6
1975,7,7
1976,0,0
1977,0,0
1978,0,0
1979,6,6
1980,5,5
1981,0,0
1982,0,0
1983,0,0
1984,0,0
1985,0,0
1986,0,0
1987,0,0
1988,0,0
1989,0,0
1990,0,0
1991,5,5
1992,0,0
1993,0,0
1994,0,0
1995,0,0
1996,0,0
1997,0,0
1998,0,0
1999,0,0
2000,0,0
2001,0,0
2002,0,0
2003,0,0
2004,0,0
2005,0,0
2006,0,0
2007,0,0
2008,0,0
2009,0,0
2010,0,0
2011,0,0
2012,0,0
2013,0,0
2014,0,0
2015,0,0
2016,0,0
2017,0,0
2018,0,0
2019,0,0
2020,0,0