YOB,Born,Alive
1900,5,0
1901,0,0
1902,0,0
1903,0,0
1904,0,0
1905,0,0
1906,0,0
1907,0,0
1908,0,0
1909,0,0
1910,0,0
1911,0,0
1912,7,0
1913,13,0
1914,6,0
1915,5,0
1916,9,0
1917,12,0
1918,11,0
1919,12,0
1920,8,0
1921,13,0
1922,8,0
1923,12,1
1924,5,0
1925,11,1
1926,9,1
1927,10,1
1928,11,2
1929,10,2
1930,11,2
1931,9,2
1932,17,4
1933,12,4
1934,0,0
1935,12,4
1936,7,3
1937,10,4
1938,16,7
1939,17,9
1940,9,5
1941,14,8
1942,9,5
1943,12,7
1944,15,9
1945,9,6
1946,9,6
1947,7,5
1948,13,9
1949,11,8
1950,15,12
1951,7,6
1952,9,7
1953,7,6
1954,0,0
1955,11,9
1956,7,6
1957,10,9
1958,0,0
1959,8,7
1960,9,8
1961,5,4
1962,7,6
1963,6,5
1964,5,5
1965,13,12
1966,0,0
1967,0,0
1968,5,5
1969,0,0
1970,5,5
1971,6,6
1972,0,0
1973,0,0
1974,8,8
1975,0,0
1976,5,5
1977,0,0
1978,0,0
1979,0,0
1980,0,0
1981,0,0
1982,0,0
1983,7,7
1984,0,0
1985,0,0
1986,0,0
1987,5,5
1988,0,0
1989,0,0
1990,0,0
1991,5,5
1992,0,0
1993,0,0
1994,0,0
1995,0,0
1996,0,0
1997,0,0
1998,0,0
1999,0,0
2000,0,0
2001,0,0
2002,0,0
2003,0,0
2004,0,0
2005,0,0
2006,0,0
2007,0,0
2008,0,0
2009,0,0
2010,0,0
2011,0,0
2012,0,0
2013,0,0
2014,0,0
2015,0,0
2016,0,0
2017,0,0
2018,0,0
2019,0,0
2020,0,0