YOB,Born,Alive
1900,0,0
1901,0,0
1902,0,0
1903,0,0
1904,0,0
1905,0,0
1906,0,0
1907,0,0
1908,0,0
1909,0,0
1910,0,0
1911,0,0
1912,0,0
1913,0,0
1914,0,0
1915,0,0
1916,0,0
1917,0,0
1918,0,0
1919,0,0
1920,0,0
1921,0,0
1922,0,0
1923,0,0
1924,0,0
1925,0,0
1926,0,0
1927,0,0
1928,0,0
1929,0,0
1930,0,0
1931,0,0
1932,0,0
1933,0,0
1934,0,0
1935,0,0
1936,0,0
1937,0,0
1938,0,0
1939,0,0
1940,0,0
1941,0,0
1942,0,0
1943,0,0
1944,0,0
1945,0,0
1946,0,0
1947,8,6
1948,7,6
1949,0,0
1950,0,0
1951,10,9
1952,0,0
1953,9,8
1954,11,10
1955,15,13
1956,8,7
1957,22,20
1958,16,14
1959,21,19
1960,26,24
1961,36,33
1962,37,34
1963,47,44
1964,47,44
1965,58,54
1966,214,201
1967,206,194
1968,261,247
1969,370,351
1970,594,566
1971,1015,969
1972,1138,1089
1973,1122,1076
1974,1345,1293
1975,1083,1044
1976,1107,1069
1977,1115,1079
1978,1053,1022
1979,1401,1362
1980,2266,2209
1981,2018,1969
1982,1884,1840
1983,1832,1791
1984,1685,1649
1985,1480,1450
1986,1302,1277
1987,1279,1256
1988,1306,1284
1989,1204,1185
1990,1154,1137
1991,960,946
1992,806,795
1993,687,678
1994,539,532
1995,463,458
1996,336,332
1997,273,270
1998,193,191
1999,191,189
2000,162,161
2001,120,119
2002,149,148
2003,89,88
2004,94,93
2005,82,81
2006,74,73
2007,65,65
2008,49,49
2009,51,51
2010,29,29
2011,41,41
2012,27,27
2013,27,27