YOB,Born,Alive
1900,0,0
1901,0,0
1902,0,0
1903,0,0
1904,0,0
1905,0,0
1906,0,0
1907,0,0
1908,0,0
1909,0,0
1910,0,0
1911,0,0
1912,0,0
1913,0,0
1914,0,0
1915,0,0
1916,0,0
1917,0,0
1918,0,0
1919,0,0
1920,7,0
1921,0,0
1922,0,0
1923,0,0
1924,0,0
1925,0,0
1926,5,1
1927,5,1
1928,0,0
1929,0,0
1930,0,0
1931,6,2
1932,5,2
1933,9,4
1934,0,0
1935,8,4
1936,0,0
1937,5,3
1938,8,5
1939,21,14
1940,25,17
1941,21,15
1942,52,37
1943,62,45
1944,121,90
1945,239,182
1946,206,160
1947,280,223
1948,298,242
1949,313,260
1950,370,313
1951,440,376
1952,630,542
1953,726,630
1954,938,821
1955,1373,1211
1956,1599,1422
1957,1718,1540
1958,1884,1702
1959,2154,1962
1960,2329,2138
1961,2244,2067
1962,2076,1920
1963,1938,1799
1964,1714,1597
1965,1460,1366
1966,1308,1228
1967,1302,1227
1968,1244,1177
1969,1153,1095
1970,1075,1024
1971,1110,1060
1972,1002,959
1973,793,761
1974,777,747
1975,723,697
1976,661,638
1977,631,611
1978,586,569
1979,483,470
1980,500,487
1981,544,531
1982,465,454
1983,434,424
1984,448,438
1985,372,364
1986,359,352
1987,326,320
1988,268,263
1989,234,230
1990,235,231
1991,170,168
1992,175,173
1993,136,134
1994,118,117
1995,103,102
1996,102,101
1997,85,84
1998,78,77
1999,81,80
2000,69,68
2001,73,72
2002,49,49
2003,46,46
2004,35,35
2005,38,38
2006,41,41
2007,25,25
2008,32,32
2009,17,17
2010,17,17
2011,17,17
2012,20,20
2013,9,9