YOB,Born,Alive
1900,0,0
1901,0,0
1902,0,0
1903,0,0
1904,0,0
1905,0,0
1906,0,0
1907,0,0
1908,0,0
1909,0,0
1910,0,0
1911,0,0
1912,0,0
1913,0,0
1914,0,0
1915,5,0
1916,0,0
1917,0,0
1918,5,0
1919,0,0
1920,7,0
1921,0,0
1922,7,1
1923,0,0
1924,6,1
1925,9,2
1926,6,2
1927,6,2
1928,6,2
1929,0,0
1930,0,0
1931,5,2
1932,0,0
1933,0,0
1934,0,0
1935,0,0
1936,0,0
1937,0,0
1938,0,0
1939,0,0
1940,0,0
1941,0,0
1942,0,0
1943,0,0
1944,0,0
1945,0,0
1946,0,0
1947,5,4
1948,0,0
1949,5,4
1950,5,4
1951,6,5
1952,9,8
1953,0,0
1954,6,5
1955,0,0
1956,5,4