YOB,Born,Alive
1900,0,0
1901,0,0
1902,0,0
1903,0,0
1904,0,0
1905,0,0
1906,0,0
1907,0,0
1908,0,0
1909,0,0
1910,0,0
1911,0,0
1912,0,0
1913,0,0
1914,0,0
1915,0,0
1916,0,0
1917,0,0
1918,0,0
1919,0,0
1920,0,0
1921,0,0
1922,0,0
1923,0,0
1924,0,0
1925,0,0
1926,0,0
1927,0,0
1928,0,0
1929,0,0
1930,0,0
1931,0,0
1932,0,0
1933,0,0
1934,0,0
1935,0,0
1936,0,0
1937,0,0
1938,0,0
1939,0,0
1940,0,0
1941,0,0
1942,0,0
1943,0,0
1944,0,0
1945,0,0
1946,0,0
1947,0,0
1948,0,0
1949,0,0
1950,8,6
1951,0,0
1952,0,0
1953,0,0
1954,5,4
1955,0,0
1956,7,6
1957,7,6
1958,8,7
1959,14,12
1960,11,10
1961,24,21
1962,14,13
1963,25,23
1964,20,18
1965,24,22
1966,23,21
1967,21,19
1968,22,20
1969,21,20
1970,25,24
1971,41,39
1972,43,41
1973,37,35
1974,51,49
1975,247,236
1976,270,258
1977,174,167
1978,210,202
1979,302,292
1980,377,365
1981,363,352
1982,362,351
1983,328,319
1984,413,402
1985,335,327
1986,383,374
1987,404,395
1988,445,436
1989,498,488
1990,601,590
1991,648,637
1992,796,783
1993,825,812
1994,948,934
1995,1025,1010
1996,937,924
1997,937,925
1998,1028,1016
1999,939,928
2000,887,878
2001,865,856
2002,785,777
2003,758,751
2004,703,697
2005,669,663
2006,663,658
2007,541,537
2008,481,478
2009,504,501
2010,969,963
2011,821,816
2012,711,707
2013,545,542
2014,559,556
2015,485,482
2016,476,474
2017,451,449
2018,447,445
2019,477,475
2020,402,400