YOB,Born,Alive
1900,0,0
1901,0,0
1902,0,0
1903,0,0
1904,0,0
1905,0,0
1906,0,0
1907,0,0
1908,0,0
1909,0,0
1910,0,0
1911,0,0
1912,0,0
1913,0,0
1914,0,0
1915,0,0
1916,0,0
1917,0,0
1918,0,0
1919,0,0
1920,0,0
1921,0,0
1922,0,0
1923,0,0
1924,0,0
1925,0,0
1926,0,0
1927,0,0
1928,0,0
1929,0,0
1930,0,0
1931,0,0
1932,0,0
1933,0,0
1934,0,0
1935,0,0
1936,0,0
1937,0,0
1938,0,0
1939,0,0
1940,0,0
1941,0,0
1942,0,0
1943,0,0
1944,0,0
1945,0,0
1946,0,0
1947,0,0
1948,0,0
1949,0,0
1950,0,0
1951,0,0
1952,0,0
1953,0,0
1954,0,0
1955,0,0
1956,0,0
1957,0,0
1958,5,5
1959,0,0
1960,5,5
1961,9,8
1962,6,6
1963,14,13
1964,9,8
1965,15,14
1966,40,38
1967,62,58
1968,71,67
1969,100,95
1970,131,125
1971,216,206
1972,217,208
1973,251,241
1974,253,243
1975,285,275
1976,264,255
1977,315,305
1978,307,298
1979,323,314
1980,324,316
1981,324,316
1982,312,305
1983,283,277
1984,291,285
1985,320,314
1986,253,248
1987,239,235
1988,242,238
1989,209,206
1990,191,188
1991,153,151
1992,144,142
1993,113,112
1994,89,88
1995,65,64
1996,52,51
1997,51,50
1998,31,31
1999,27,27
2000,22,22
2001,12,12
2002,9,9
2003,6,6
2004,8,8
2005,13,13
2006,8,8
2007,12,12
2008,5,5
2009,6,6