YOB,Born,Alive
1900,0,0
1901,0,0
1902,0,0
1903,0,0
1904,0,0
1905,0,0
1906,0,0
1907,0,0
1908,0,0
1909,0,0
1910,0,0
1911,0,0
1912,0,0
1913,0,0
1914,0,0
1915,0,0
1916,0,0
1917,0,0
1918,0,0
1919,0,0
1920,0,0
1921,0,0
1922,0,0
1923,0,0
1924,0,0
1925,0,0
1926,0,0
1927,0,0
1928,0,0
1929,0,0
1930,0,0
1931,0,0
1932,0,0
1933,0,0
1934,0,0
1935,0,0
1936,0,0
1937,0,0
1938,0,0
1939,0,0
1940,0,0
1941,0,0
1942,0,0
1943,0,0
1944,0,0
1945,0,0
1946,0,0
1947,0,0
1948,0,0
1949,0,0
1950,0,0
1951,0,0
1952,0,0
1953,0,0
1954,0,0
1955,5,4
1956,7,6
1957,18,16
1958,34,31
1959,35,32
1960,40,37
1961,69,64
1962,66,61
1963,71,66
1964,72,67
1965,81,76
1966,69,65
1967,48,45
1968,63,60
1969,52,49
1970,55,52
1971,53,51
1972,44,42
1973,32,31
1974,22,21
1975,18,17
1976,15,14
1977,17,16
1978,15,15
1979,15,15
1980,20,19
1981,10,10
1982,11,11
1983,8,8
1984,5,5
1985,0,0
1986,5,5
1987,6,6