YOB,Born,Alive
1900,297,0
1901,162,0
1902,175,0
1903,168,0
1904,184,0
1905,190,0
1906,149,0
1907,178,0
1908,152,0
1909,159,0
1910,229,0
1911,164,0
1912,229,0
1913,238,1
1914,286,1
1915,321,1
1916,274,1
1917,304,2
1918,333,2
1919,327,2
1920,309,2
1921,287,6
1922,293,11
1923,266,14
1924,270,18
1925,255,21
1926,288,28
1927,245,27
1928,251,32
1929,205,29
1930,232,36
1931,241,45
1932,259,57
1933,269,68
1934,261,74
1935,243,77
1936,257,89
1937,264,100
1938,265,109
1939,267,118
1940,251,119
1941,271,135
1942,281,147
1943,321,176
1944,307,176
1945,312,186
1946,404,251
1947,369,238
1948,285,191
1949,241,167
1950,164,118
1951,125,91
1952,139,103
1953,139,105
1954,167,128
1955,189,147
1956,267,212
1957,434,349
1958,633,517
1959,696,578
1960,643,542
1961,604,513
1962,574,491
1963,505,436
1964,438,381
1965,306,268
1966,229,202
1967,177,158
1968,170,153
1969,135,122
1970,127,116
1971,103,94
1972,75,69
1973,64,59
1974,58,54
1975,46,43
1976,38,36
1977,29,27
1978,31,29
1979,37,35
1980,40,38
1981,37,35
1982,35,33
1983,32,31
1984,34,33
1985,28,27
1986,33,32
1987,28,27
1988,23,22
1989,23,22
1990,24,23
1991,21,20
1992,26,25
1993,21,21
1994,22,22
1995,24,24
1996,7,7
1997,21,21
1998,16,16
1999,22,22
2000,19,19
2001,21,21
2002,20,20
2003,21,21
2004,15,15
2005,12,12
2006,12,12
2007,12,12
2008,9,9
2009,15,15
2010,14,14
2011,9,9
2012,0,0
2013,7,7
2014,6,6
2015,8,8
2016,8,8
2017,7,7