YOB,Born,Alive
1900,5,0
1901,0,0
1902,0,0
1903,5,0
1904,0,0
1905,0,0
1906,0,0
1907,0,0
1908,9,0
1909,0,0
1910,10,0
1911,8,0
1912,13,0
1913,14,0
1914,25,0
1915,33,0
1916,29,0
1917,33,0
1918,32,0
1919,32,0
1920,32,0
1921,30,0
1922,38,1
1923,49,1
1924,32,1
1925,45,2
1926,30,2
1927,26,2
1928,30,2
1929,39,3
1930,41,4
1931,43,5
1932,25,4
1933,26,5
1934,33,7
1935,31,8
1936,28,8
1937,29,9
1938,45,15
1939,31,11
1940,28,11
1941,32,14
1942,40,18
1943,33,16
1944,35,18
1945,31,17
1946,37,21
1947,46,27
1948,49,30
1949,62,40
1950,57,38
1951,70,48
1952,68,48
1953,68,49
1954,93,68
1955,73,54
1956,87,66
1957,83,64
1958,83,66
1959,106,85
1960,107,88
1961,127,105
1962,128,107
1963,130,110
1964,122,104
1965,133,114
1966,110,95
1967,111,97
1968,119,105
1969,132,118
1970,139,125
1971,158,143
1972,168,153
1973,188,172
1974,184,169
1975,220,203
1976,204,189
1977,254,237
1978,312,292
1979,322,303
1980,411,389
1981,606,575
1982,616,586
1983,720,687
1984,1065,1018
1985,1141,1093
1986,1185,1138
1987,1401,1349
1988,1277,1232
1989,1337,1293
1990,1397,1355
1991,1384,1344
1992,1358,1321
1993,1383,1347
1994,1286,1255
1995,1332,1302
1996,1471,1440
1997,1474,1445
1998,1504,1476
1999,1583,1556
2000,1800,1772
2001,1856,1829
2002,2032,2004
2003,2131,2103
2004,2346,2317
2005,2575,2545
2006,2486,2459
2007,2711,2684
2008,2861,2835
2009,2736,2713
2010,2550,2531
2011,2674,2655
2012,2348,2332
2013,2395,2379
2014,2568,2551
2015,2744,2727
2016,2569,2554
2017,2515,2501
2018,2417,2404
2019,2414,2402
2020,2442,2430