YOB,Born,Alive
1900,0,0
1901,8,0
1902,7,0
1903,7,0
1904,13,0
1905,14,0
1906,14,0
1907,11,0
1908,9,0
1909,14,0
1910,15,0
1911,18,0
1912,38,0
1913,41,0
1914,41,0
1915,58,1
1916,56,1
1917,50,1
1918,71,1
1919,69,1
1920,77,2
1921,87,4
1922,68,4
1923,71,6
1924,61,7
1925,62,8
1926,73,11
1927,56,10
1928,65,12
1929,70,15
1930,62,15
1931,55,15
1932,50,15
1933,36,12
1934,61,22
1935,26,10
1936,34,14
1937,50,23
1938,23,11
1939,42,22
1940,29,16
1941,30,17
1942,32,19
1943,33,20
1944,42,26
1945,32,21
1946,23,15
1947,34,24
1948,26,19
1949,29,21
1950,17,13
1951,31,24
1952,16,12
1953,20,16
1954,20,16
1955,13,11
1956,20,16
1957,14,12
1958,12,10
1959,18,15
1960,17,15
1961,18,16
1962,9,8
1963,6,5
1964,13,12
1965,8,7
1966,13,12
1967,9,8
1968,8,7
1969,5,5
1970,6,6
1971,0,0
1972,8,7
1973,7,7
1974,7,7
1975,6,6
1976,0,0
1977,6,6
1978,0,0
1979,5,5
1980,6,6
1981,5,5