YOB,Born,Alive
1900,0,0
1901,0,0
1902,0,0
1903,0,0
1904,8,0
1905,7,0
1906,0,0
1907,6,0
1908,5,0
1909,0,0
1910,5,0
1911,0,0
1912,12,0
1913,0,0
1914,10,0
1915,11,0
1916,11,0
1917,15,0
1918,15,0
1919,10,0
1920,10,0
1921,6,0
1922,8,1
1923,16,1
1924,10,1
1925,7,1
1926,16,2
1927,9,2
1928,12,2
1929,11,2
1930,6,1
1931,0,0
1932,13,4
1933,16,5
1934,9,3
1935,7,3
1936,7,3
1937,6,3
1938,8,4
1939,6,3
1940,0,0
1941,8,5
1942,0,0
1943,7,4
1944,0,0
1945,0,0
1946,0,0
1947,0,0
1948,0,0
1949,0,0
1950,0,0
1951,0,0
1952,0,0
1953,0,0
1954,0,0
1955,0,0
1956,0,0
1957,0,0
1958,7,6