YOB,Born,Alive
1900,0,0
1901,0,0
1902,0,0
1903,0,0
1904,0,0
1905,0,0
1906,0,0
1907,0,0
1908,0,0
1909,0,0
1910,0,0
1911,0,0
1912,0,0
1913,0,0
1914,0,0
1915,0,0
1916,0,0
1917,0,0
1918,0,0
1919,0,0
1920,0,0
1921,0,0
1922,0,0
1923,0,0
1924,0,0
1925,0,0
1926,0,0
1927,0,0
1928,0,0
1929,0,0
1930,0,0
1931,0,0
1932,0,0
1933,0,0
1934,0,0
1935,0,0
1936,0,0
1937,0,0
1938,0,0
1939,0,0
1940,0,0
1941,0,0
1942,0,0
1943,0,0
1944,0,0
1945,0,0
1946,0,0
1947,0,0
1948,0,0
1949,0,0
1950,0,0
1951,0,0
1952,0,0
1953,0,0
1954,0,0
1955,0,0
1956,6,5
1957,0,0
1958,0,0
1959,0,0
1960,0,0
1961,7,6
1962,6,5
1963,6,5
1964,0,0
1965,0,0
1966,9,8
1967,13,11
1968,9,8
1969,10,9
1970,19,17
1971,12,11
1972,21,19
1973,29,27
1974,41,38
1975,26,24
1976,22,20
1977,23,21
1978,10,9
1979,11,10
1980,12,11
1981,13,12
1982,8,8
1983,11,10
1984,14,13
1985,11,11
1986,7,7
1987,10,10
1988,8,8
1989,5,5
1990,7,7
1991,6,6
1992,0,0
1993,0,0
1994,8,8
1995,0,0
1996,5,5
1997,0,0
1998,0,0
1999,0,0
2000,0,0
2001,0,0
2002,0,0
2003,0,0
2004,0,0
2005,0,0
2006,0,0
2007,0,0
2008,0,0
2009,0,0
2010,0,0
2011,0,0
2012,0,0
2013,0,0
2014,0,0
2015,0,0
2016,0,0
2017,0,0
2018,0,0
2019,0,0
2020,0,0