YOB,Born,Alive
1900,0,0
1901,0,0
1902,0,0
1903,0,0
1904,0,0
1905,0,0
1906,0,0
1907,0,0
1908,0,0
1909,0,0
1910,0,0
1911,0,0
1912,0,0
1913,0,0
1914,0,0
1915,0,0
1916,0,0
1917,5,0
1918,0,0
1919,0,0
1920,0,0
1921,0,0
1922,0,0
1923,5,0
1924,5,1
1925,0,0
1926,0,0
1927,0,0
1928,0,0
1929,0,0
1930,0,0
1931,5,1
1932,5,1
1933,6,2
1934,0,0
1935,7,3
1936,0,0
1937,0,0
1938,0,0
1939,0,0
1940,0,0
1941,0,0
1942,0,0
1943,0,0
1944,0,0
1945,6,4
1946,0,0
1947,0,0
1948,5,4
1949,0,0
1950,5,4
1951,5,4
1952,0,0
1953,0,0
1954,0,0
1955,7,6
1956,0,0
1957,0,0
1958,0,0
1959,0,0
1960,0,0
1961,0,0
1962,0,0
1963,0,0
1964,0,0
1965,0,0
1966,0,0
1967,0,0
1968,0,0
1969,0,0
1970,7,6
1971,0,0
1972,0,0
1973,5,5
1974,0,0
1975,0,0
1976,0,0
1977,0,0
1978,0,0
1979,6,6
1980,0,0
1981,0,0
1982,0,0
1983,6,6
1984,0,0
1985,0,0
1986,0,0
1987,0,0
1988,8,8
1989,0,0
1990,0,0
1991,7,7
1992,6,6
1993,7,7
1994,0,0
1995,0,0
1996,6,6
1997,0,0
1998,5,5
1999,0,0
2000,5,5
2001,0,0
2002,6,6