YOB,Born,Alive
1900,5,0
1901,8,0
1902,5,0
1903,0,0
1904,5,0
1905,0,0
1906,8,0
1907,0,0
1908,6,0
1909,0,0
1910,8,0
1911,5,0
1912,11,0
1913,7,0
1914,11,0
1915,16,0
1916,20,0
1917,27,0
1918,23,0
1919,16,0
1920,21,0
1921,24,1
1922,17,1
1923,15,1
1924,18,2
1925,11,1
1926,13,2
1927,18,3
1928,10,2
1929,8,2
1930,8,2
1931,8,2
1932,11,3
1933,14,5
1934,22,8
1935,9,4
1936,8,3
1937,6,3
1938,7,3
1939,13,7
1940,18,10
1941,20,11
1942,18,11
1943,16,10
1944,16,10
1945,14,9
1946,15,10
1947,11,8
1948,9,6
1949,23,17
1950,27,20
1951,27,21
1952,28,22
1953,14,11
1954,18,14
1955,20,16
1956,20,16
1957,24,20
1958,29,24
1959,37,31
1960,45,39
1961,49,42
1962,42,37
1963,55,48
1964,47,42
1965,70,62
1966,51,46
1967,56,51
1968,58,53
1969,102,93
1970,141,130
1971,124,115
1972,141,131
1973,149,139
1974,212,198
1975,238,224
1976,277,261
1977,256,242
1978,282,268
1979,279,266
1980,244,234
1981,206,198
1982,192,185
1983,153,147
1984,143,138
1985,151,146
1986,172,167
1987,151,147
1988,185,180
1989,194,189
1990,199,194
1991,191,187
1992,163,159
1993,196,192
1994,186,183
1995,220,216
1996,202,199
1997,261,257
1998,315,311
1999,326,322
2000,336,332
2001,363,359
2002,424,420
2003,491,486
2004,489,485
2005,515,510
2006,551,546
2007,569,564
2008,506,502
2009,535,531
2010,495,492
2011,472,469
2012,511,508
2013,553,550