YOB,Born,Alive
1900,0,0
1901,0,0
1902,0,0
1903,0,0
1904,0,0
1905,0,0
1906,0,0
1907,0,0
1908,0,0
1909,0,0
1910,0,0
1911,0,0
1912,0,0
1913,0,0
1914,12,0
1915,0,0
1916,12,0
1917,5,0
1918,0,0
1919,10,0
1920,10,0
1921,12,1
1922,8,1
1923,7,1
1924,11,1
1925,5,1
1926,10,1
1927,11,2
1928,25,5
1929,15,3
1930,12,3
1931,18,5
1932,7,2
1933,14,5
1934,20,7
1935,15,6
1936,14,6
1937,21,9
1938,18,9
1939,21,11
1940,27,15
1941,17,10
1942,30,18
1943,21,13
1944,31,20
1945,43,28
1946,40,27
1947,55,38
1948,55,39
1949,61,45
1950,52,39
1951,68,52
1952,80,62
1953,90,71
1954,101,81
1955,73,59
1956,95,78
1957,123,102
1958,117,98
1959,117,99
1960,99,85
1961,121,105
1962,114,99
1963,110,97
1964,107,95
1965,91,81
1966,71,64
1967,76,69
1968,48,44
1969,62,57
1970,53,49
1971,68,63
1972,55,51
1973,45,42
1974,48,45
1975,48,45
1976,54,51
1977,50,47
1978,51,48
1979,41,39
1980,61,58
1981,50,48
1982,52,50
1983,49,47
1984,67,65
1985,44,43
1986,36,35
1987,52,50
1988,47,46
1989,50,49
1990,51,50
1991,52,51
1992,58,57
1993,49,48
1994,40,39
1995,47,46
1996,67,66
1997,50,49
1998,55,54
1999,37,37
2000,47,47
2001,40,40
2002,41,41
2003,47,47
2004,56,55
2005,42,42
2006,67,66
2007,44,44
2008,51,51
2009,34,34
2010,40,40
2011,33,33
2012,37,37
2013,22,22