YOB,Born,Alive
1900,541,0
1901,386,0
1902,417,0
1903,483,0
1904,517,0
1905,577,0
1906,548,0
1907,627,0
1908,641,1
1909,738,1
1910,832,1
1911,801,6
1912,1133,17
1913,1195,26
1914,1350,39
1915,1676,61
1916,1765,76
1917,1817,91
1918,1988,114
1919,2016,129
1920,1966,140
1921,1930,198
1922,1852,247
1923,1921,316
1924,1817,356
1925,1844,418
1926,1701,439
1927,1705,493
1928,1558,499
1929,1568,551
1930,1463,560
1931,1354,557
1932,1282,565
1933,1158,544
1934,1120,559
1935,1053,556
1936,1031,574
1937,998,585
1938,956,588
1939,927,598
1940,926,624
1941,864,597
1942,988,700
1943,956,694
1944,827,614
1945,761,578
1946,811,630
1947,771,613
1948,719,584
1949,687,570
1950,608,515
1951,624,533
1952,535,461
1953,549,476
1954,506,443
1955,479,423
1956,447,398
1957,432,387
1958,349,315
1959,369,336
1960,375,344
1961,316,291
1962,284,263
1963,265,246
1964,229,213
1965,223,209
1966,188,176
1967,200,188
1968,180,170
1969,157,149
1970,140,133
1971,118,113
1972,113,108
1973,112,107
1974,89,86
1975,78,75
1976,89,86
1977,54,52
1978,81,79
1979,65,63
1980,67,65
1981,62,60
1982,77,75
1983,68,66
1984,66,65
1985,63,62
1986,44,43
1987,45,44
1988,35,34
1989,41,40
1990,42,41
1991,48,47
1992,41,40
1993,43,42
1994,43,42
1995,31,31
1996,26,26
1997,31,31
1998,19,19
1999,14,14
2000,25,25
2001,25,25
2002,25,25
2003,18,18
2004,10,10
2005,15,15
2006,15,15
2007,15,15
2008,10,10
2009,6,6
2010,16,16
2011,9,9
2012,12,12
2013,10,10