YOB,Born,Alive
1900,0,0
1901,0,0
1902,0,0
1903,0,0
1904,0,0
1905,0,0
1906,0,0
1907,0,0
1908,0,0
1909,0,0
1910,0,0
1911,0,0
1912,0,0
1913,0,0
1914,0,0
1915,5,0
1916,0,0
1917,0,0
1918,0,0
1919,0,0
1920,0,0
1921,0,0
1922,0,0
1923,0,0
1924,0,0
1925,0,0
1926,0,0
1927,0,0
1928,0,0
1929,0,0
1930,0,0
1931,0,0
1932,0,0
1933,0,0
1934,0,0
1935,0,0
1936,0,0
1937,0,0
1938,0,0
1939,0,0
1940,0,0
1941,0,0
1942,0,0
1943,0,0
1944,0,0
1945,5,4
1946,0,0
1947,0,0
1948,0,0
1949,13,11
1950,18,15
1951,5,4
1952,7,6
1953,88,76
1954,45,39
1955,48,42
1956,40,36
1957,22,20
1958,24,22
1959,35,32
1960,56,51
1961,145,134
1962,120,111
1963,105,97
1964,127,118
1965,133,124
1966,142,133
1967,187,176
1968,764,723
1969,624,592
1970,941,897
1971,820,783
1972,708,678
1973,627,601
1974,584,562
1975,556,536
1976,478,462
1977,518,501
1978,435,422
1979,472,459
1980,460,448
1981,446,435
1982,456,445
1983,366,358
1984,343,336
1985,330,323
1986,307,301
1987,316,310
1988,334,328
1989,335,330
1990,354,349
1991,434,428
1992,885,873
1993,664,655
1994,552,545
1995,536,530
1996,549,543
1997,601,595
1998,548,543
1999,535,530
2000,595,590
2001,588,583
2002,557,553
2003,520,516
2004,461,458
2005,416,413
2006,414,411
2007,769,764
2008,440,437
2009,385,383
2010,468,465
2011,835,830
2012,796,792
2013,545,542