YOB,Born,Alive
1900,0,0
1901,0,0
1902,0,0
1903,0,0
1904,0,0
1905,0,0
1906,0,0
1907,0,0
1908,0,0
1909,0,0
1910,0,0
1911,0,0
1912,0,0
1913,0,0
1914,0,0
1915,0,0
1916,0,0
1917,0,0
1918,0,0
1919,0,0
1920,0,0
1921,0,0
1922,0,0
1923,0,0
1924,0,0
1925,0,0
1926,0,0
1927,0,0
1928,0,0
1929,0,0
1930,0,0
1931,0,0
1932,0,0
1933,0,0
1934,0,0
1935,0,0
1936,0,0
1937,0,0
1938,0,0
1939,0,0
1940,0,0
1941,0,0
1942,0,0
1943,0,0
1944,0,0
1945,0,0
1946,0,0
1947,0,0
1948,0,0
1949,0,0
1950,0,0
1951,0,0
1952,0,0
1953,6,5
1954,7,6
1955,0,0
1956,8,7
1957,12,11
1958,14,12
1959,24,22
1960,27,24
1961,16,15
1962,22,20
1963,33,30
1964,34,31
1965,32,30
1966,55,51
1967,57,53
1968,38,36
1969,52,49
1970,59,56
1971,56,53
1972,48,46
1973,50,48
1974,65,62
1975,62,59
1976,83,80
1977,79,76
1978,68,66
1979,69,67
1980,85,83
1981,82,80
1982,90,88
1983,76,74
1984,81,79
1985,65,64
1986,85,83
1987,97,95
1988,105,103
1989,111,109
1990,116,114
1991,108,106
1992,106,104
1993,103,102
1994,111,109
1995,113,112
1996,123,121
1997,105,104
1998,101,100
1999,131,130
2000,167,165
2001,146,145
2002,145,144
2003,124,123
2004,145,144
2005,169,168
2006,146,145
2007,141,140
2008,106,105
2009,96,95
2010,107,106
2011,124,123
2012,102,102
2013,134,133
2014,119,119
2015,108,108
2016,115,115
2017,106,106