YOB,Born,Alive
1900,0,0
1901,5,0
1902,5,0
1903,9,0
1904,5,0
1905,9,0
1906,8,0
1907,10,0
1908,13,0
1909,9,0
1910,14,0
1911,24,0
1912,26,0
1913,24,1
1914,44,1
1915,70,3
1916,73,3
1917,76,4
1918,91,5
1919,94,6
1920,134,10
1921,131,13
1922,152,20
1923,176,29
1924,178,35
1925,185,42
1926,160,41
1927,191,55
1928,159,51
1929,143,50
1930,144,55
1931,99,41
1932,104,46
1933,88,41
1934,88,44
1935,93,49
1936,98,55
1937,98,57
1938,311,191
1939,415,267
1940,268,181
1941,316,218
1942,298,211
1943,353,256
1944,241,179
1945,174,132
1946,262,204
1947,301,239
1948,214,174
1949,133,110
1950,222,188
1951,214,183
1952,215,185
1953,236,205
1954,199,174
1955,231,204
1956,218,194
1957,224,201
1958,183,165
1959,239,218
1960,253,232
1961,286,263
1962,281,260
1963,219,203
1964,186,173
1965,190,178
1966,129,121
1967,107,101
1968,88,83
1969,72,68
1970,58,55
1971,43,41
1972,38,36
1973,39,37
1974,26,25
1975,26,25
1976,24,23
1977,30,29
1978,28,27
1979,19,18
1980,28,27
1981,27,26
1982,30,29
1983,30,29
1984,28,27
1985,32,31
1986,39,38
1987,26,26
1988,35,34
1989,29,29
1990,35,34
1991,39,38
1992,30,30
1993,37,37
1994,36,36
1995,33,33
1996,36,36
1997,32,32
1998,45,45
1999,48,48
2000,40,40
2001,47,47
2002,48,48
2003,50,50
2004,51,51
2005,73,72
2006,67,67
2007,53,53
2008,68,68
2009,49,49
2010,58,58
2011,61,61
2012,56,56
2013,42,42