YOB,Born,Alive
1900,0,0
1901,0,0
1902,5,0
1903,0,0
1904,0,0
1905,0,0
1906,6,0
1907,0,0
1908,0,0
1909,6,0
1910,0,0
1911,0,0
1912,10,0
1913,0,0
1914,10,0
1915,22,0
1916,24,0
1917,38,0
1918,35,0
1919,44,0
1920,40,0
1921,37,1
1922,53,2
1923,36,2
1924,51,4
1925,38,4
1926,42,5
1927,39,5
1928,42,6
1929,38,7
1930,47,9
1931,33,7
1932,27,7
1933,31,9
1934,17,6
1935,28,10
1936,17,7
1937,14,6
1938,17,8
1939,14,7
1940,13,7
1941,23,13
1942,22,13
1943,18,11
1944,17,11
1945,17,11
1946,15,10
1947,22,15
1948,30,22
1949,27,20
1950,27,21
1951,28,22
1952,19,15
1953,26,21
1954,45,37
1955,176,146
1956,127,107
1957,111,95
1958,104,90
1959,123,108
1960,151,134
1961,150,134
1962,159,143
1963,129,117
1964,150,136
1965,127,116
1966,135,124
1967,163,151
1968,176,164
1969,176,165
1970,200,188
1971,220,207
1972,228,216
1973,219,208
1974,253,241
1975,252,240
1976,232,222
1977,266,255
1978,270,260
1979,445,430
1980,347,336
1981,322,312
1982,325,316
1983,336,327
1984,326,317
1985,326,318
1986,266,260
1987,203,199
1988,232,227
1989,279,274
1990,285,280
1991,264,259
1992,251,247
1993,269,265
1994,248,244
1995,296,292
1996,317,313
1997,316,312
1998,451,446
1999,493,487
2000,498,493
2001,551,545
2002,549,544
2003,538,533
2004,599,594
2005,659,653
2006,608,603
2007,729,723
2008,693,688
2009,742,737
2010,882,876
2011,1010,1004
2012,1309,1301
2013,1459,1451
2014,1690,1681
2015,2052,2041
2016,2175,2164
2017,2375,2364
2018,2592,2580
2019,2706,2694
2020,2482,2472