YOB,Born,Alive
1900,0,0
1901,0,0
1902,0,0
1903,0,0
1904,0,0
1905,0,0
1906,0,0
1907,0,0
1908,0,0
1909,0,0
1910,0,0
1911,0,0
1912,6,0
1913,0,0
1914,8,0
1915,8,0
1916,11,0
1917,9,0
1918,13,0
1919,0,0
1920,11,0
1921,16,1
1922,9,1
1923,13,1
1924,17,2
1925,16,3
1926,24,4
1927,19,4
1928,8,2
1929,13,3
1930,0,0
1931,12,4
1932,14,5
1933,27,10
1934,18,7
1935,13,6
1936,16,8
1937,12,6
1938,16,9
1939,16,9
1940,15,9
1941,11,7
1942,18,12
1943,21,14
1944,18,12
1945,17,12
1946,22,16
1947,20,15
1948,12,9
1949,28,22
1950,23,19
1951,13,11
1952,15,12
1953,16,13
1954,15,13
1955,16,14
1956,15,13
1957,8,7
1958,7,6
1959,7,6
1960,12,11
1961,12,11
1962,7,6
1963,7,6
1964,9,8
1965,0,0
1966,8,7
1967,5,5
1968,10,9
1969,10,9
1970,0,0
1971,0,0
1972,0,0
1973,0,0
1974,0,0
1975,0,0
1976,0,0
1977,0,0
1978,0,0
1979,0,0
1980,0,0
1981,0,0
1982,0,0
1983,0,0
1984,0,0
1985,0,0
1986,0,0
1987,0,0
1988,0,0
1989,0,0
1990,0,0
1991,0,0
1992,0,0
1993,0,0
1994,0,0
1995,0,0
1996,0,0
1997,0,0
1998,0,0
1999,0,0
2000,0,0
2001,0,0
2002,0,0
2003,0,0
2004,0,0
2005,0,0
2006,0,0
2007,0,0
2008,0,0
2009,0,0
2010,0,0
2011,0,0
2012,0,0
2013,0,0
2014,0,0
2015,0,0
2016,0,0
2017,0,0