YOB,Born,Alive
1900,0,0
1901,0,0
1902,5,0
1903,0,0
1904,13,0
1905,0,0
1906,0,0
1907,8,0
1908,0,0
1909,13,0
1910,6,0
1911,14,0
1912,14,0
1913,13,0
1914,14,0
1915,23,0
1916,29,1
1917,31,1
1918,37,1
1919,49,1
1920,45,1
1921,49,3
1922,39,3
1923,50,5
1924,58,8
1925,42,7
1926,40,7
1927,59,12
1928,45,11
1929,54,14
1930,63,18
1931,64,20
1932,85,30
1933,54,21
1934,68,28
1935,66,30
1936,60,29
1937,55,28
1938,65,36
1939,75,43
1940,64,39
1941,84,53
1942,60,39
1943,73,49
1944,60,42
1945,56,40
1946,42,31
1947,55,41
1948,58,45
1949,72,57
1950,62,51
1951,43,35
1952,56,47
1953,37,31
1954,40,34
1955,39,34
1956,41,36
1957,24,21
1958,25,22
1959,24,22
1960,26,24
1961,21,19
1962,13,12
1963,16,15
1964,9,8
1965,12,11
1966,8,7
1967,9,8
1968,7,7
1969,12,11
1970,5,5
1971,5,5
1972,6,6
1973,6,6
1974,0,0
1975,0,0
1976,5,5
1977,0,0
1978,5,5
1979,0,0
1980,0,0
1981,0,0
1982,0,0
1983,0,0
1984,0,0
1985,0,0
1986,0,0
1987,0,0
1988,0,0
1989,0,0
1990,0,0
1991,0,0
1992,0,0
1993,0,0
1994,0,0
1995,0,0
1996,0,0
1997,0,0
1998,0,0
1999,0,0
2000,0,0
2001,0,0
2002,0,0
2003,0,0
2004,0,0
2005,0,0
2006,0,0
2007,0,0
2008,0,0
2009,0,0
2010,0,0
2011,0,0
2012,0,0
2013,0,0
2014,0,0
2015,0,0
2016,0,0
2017,0,0