YOB,Born,Alive
1900,30,0
1901,18,0
1902,38,0
1903,22,0
1904,32,0
1905,31,0
1906,40,0
1907,42,0
1908,63,0
1909,50,0
1910,69,0
1911,94,0
1912,212,1
1913,243,2
1914,350,3
1915,491,6
1916,515,7
1917,466,7
1918,519,9
1919,473,10
1920,544,12
1921,587,26
1922,600,39
1923,618,53
1924,633,68
1925,681,88
1926,643,96
1927,625,107
1928,656,126
1929,642,137
1930,671,157
1931,641,170
1932,650,193
1933,593,194
1934,618,222
1935,655,255
1936,628,264
1937,584,264
1938,579,280
1939,595,306
1940,1625,886
1941,1093,619
1942,847,498
1943,810,493
1944,696,439
1945,587,383
1946,614,413
1947,715,497
1948,676,484
1949,714,527
1950,842,639
1951,866,666
1952,879,685
1953,884,698
1954,952,761
1955,958,776
1956,1010,828
1957,1111,922
1958,1189,999
1959,1203,1023
1960,1145,985
1961,1220,1057
1962,1092,953
1963,1078,947
1964,1015,898
1965,863,769
1966,715,641
1967,668,603
1968,611,555
1969,562,514
1970,538,496
1971,532,492
1972,433,402
1973,389,363
1974,329,308
1975,322,302
1976,284,268
1977,290,275
1978,319,303
1979,280,267
1980,318,304
1981,298,286
1982,303,291
1983,278,268
1984,257,248
1985,247,239
1986,233,226
1987,212,206
1988,239,232
1989,229,223
1990,222,217
1991,193,189
1992,186,182
1993,186,182
1994,153,150
1995,160,157
1996,120,118
1997,116,114
1998,104,103
1999,114,113
2000,100,99
2001,94,93
2002,107,106
2003,90,89
2004,92,91
2005,83,82
2006,96,95
2007,79,78
2008,88,87
2009,73,72
2010,61,61
2011,52,52
2012,71,71
2013,68,68