YOB,Born,Alive
1900,0,0
1901,0,0
1902,0,0
1903,0,0
1904,0,0
1905,0,0
1906,0,0
1907,0,0
1908,0,0
1909,0,0
1910,0,0
1911,0,0
1912,0,0
1913,0,0
1914,0,0
1915,10,0
1916,12,0
1917,0,0
1918,10,0
1919,13,0
1920,10,0
1921,16,1
1922,10,1
1923,12,1
1924,11,1
1925,10,1
1926,11,2
1927,9,2
1928,11,2
1929,22,5
1930,9,2
1931,9,2
1932,5,1
1933,5,2
1934,10,4
1935,7,3
1936,15,6
1937,9,4
1938,7,3
1939,15,8
1940,8,4
1941,9,5
1942,6,4
1943,8,5
1944,5,3
1945,7,5
1946,6,4
1947,0,0
1948,6,4
1949,5,4
1950,7,5
1951,5,4
1952,0,0
1953,6,5
1954,6,5
1955,6,5
1956,5,4
1957,7,6
1958,0,0
1959,7,6
1960,7,6
1961,6,5
1962,0,0
1963,0,0
1964,5,4
1965,5,4