YOB,Born,Alive
1900,15,0
1901,13,0
1902,23,0
1903,25,0
1904,19,0
1905,26,0
1906,19,0
1907,19,0
1908,30,0
1909,40,0
1910,30,0
1911,37,0
1912,71,0
1913,108,0
1914,134,0
1915,132,0
1916,177,0
1917,196,0
1918,190,0
1919,158,0
1920,207,0
1921,164,2
1922,199,4
1923,166,5
1924,152,6
1925,186,9
1926,171,9
1927,168,11
1928,180,13
1929,142,12
1930,156,14
1931,150,18
1932,134,20
1933,146,27
1934,168,36
1935,143,35
1936,166,45
1937,137,42
1938,152,51
1939,149,55
1940,165,65
1941,176,75
1942,150,68
1943,166,79
1944,189,96
1945,208,111
1946,224,125
1947,281,165
1948,249,153
1949,267,171
1950,261,175
1951,304,208
1952,309,216
1953,338,241
1954,280,204
1955,321,239
1956,358,272
1957,462,358
1958,377,298
1959,411,331
1960,449,368
1961,463,383
1962,431,360
1963,457,386
1964,407,347
1965,382,328
1966,299,259
1967,288,252
1968,331,293
1969,556,496
1970,407,366
1971,339,307
1972,226,205
1973,251,229
1974,176,162
1975,166,153
1976,209,194
1977,145,135
1978,172,161
1979,162,153
1980,152,144
1981,152,144
1982,171,163
1983,197,188
1984,160,153
1985,162,155
1986,162,156
1987,212,204
1988,246,237
1989,262,253
1990,246,239
1991,243,236
1992,237,231
1993,218,212
1994,186,181
1995,162,158
1996,162,159
1997,175,172
1998,135,133
1999,165,162
2000,141,139
2001,170,168
2002,197,194
2003,242,239
2004,231,228
2005,261,258
2006,298,295
2007,318,315
2008,290,287
2009,294,292
2010,289,287
2011,300,298
2012,255,253
2013,245,243
2014,245,243
2015,318,316
2016,247,246
2017,265,263
2018,220,219
2019,245,244
2020,217,216