YOB,Born,Alive
1900,0,0
1901,0,0
1902,0,0
1903,0,0
1904,0,0
1905,0,0
1906,0,0
1907,0,0
1908,0,0
1909,0,0
1910,0,0
1911,0,0
1912,0,0
1913,0,0
1914,0,0
1915,0,0
1916,0,0
1917,5,0
1918,5,0
1919,0,0
1920,9,0
1921,8,0
1922,10,1
1923,11,1
1924,9,1
1925,6,1
1926,8,1
1927,8,1
1928,11,2
1929,6,1
1930,14,3
1931,11,3
1932,7,2
1933,11,4
1934,20,7
1935,22,9
1936,12,5
1937,14,6
1938,27,13
1939,18,9
1940,23,13
1941,23,13
1942,32,19
1943,40,24
1944,36,23
1945,37,24
1946,52,35
1947,51,35
1948,40,29
1949,34,25
1950,26,20
1951,27,21
1952,32,25
1953,30,24
1954,33,26
1955,44,36
1956,54,44
1957,57,47
1958,80,67
1959,79,67
1960,78,67
1961,77,67
1962,74,65
1963,60,53
1964,63,56
1965,47,42
1966,48,43
1967,28,25
1968,16,15
1969,21,19
1970,29,27
1971,30,28
1972,29,27
1973,20,19
1974,20,19
1975,22,21
1976,9,8
1977,15,14
1978,10,10
1979,12,11
1980,10,10
1981,9,9
1982,11,11
1983,11,11
1984,9,9
1985,11,11
1986,15,15
1987,0,0
1988,6,6
1989,6,6
1990,9,9
1991,8,8
1992,0,0
1993,5,5
1994,7,7
1995,7,7
1996,0,0
1997,12,12
1998,8,8
1999,0,0
2000,7,7
2001,6,6
2002,13,13
2003,0,0
2004,11,11
2005,6,6
2006,11,11
2007,6,6
2008,8,8
2009,6,6
2010,7,7
2011,5,5
2012,18,18
2013,7,7