YOB,Born,Alive
1900,0,0
1901,0,0
1902,0,0
1903,0,0
1904,0,0
1905,0,0
1906,0,0
1907,0,0
1908,0,0
1909,0,0
1910,0,0
1911,0,0
1912,0,0
1913,0,0
1914,0,0
1915,0,0
1916,0,0
1917,0,0
1918,0,0
1919,6,0
1920,0,0
1921,0,0
1922,8,0
1923,0,0
1924,8,1
1925,5,0
1926,5,1
1927,0,0
1928,7,1
1929,9,2
1930,8,2
1931,9,2
1932,14,4
1933,16,5
1934,13,4
1935,12,4
1936,22,9
1937,230,100
1938,231,108
1939,169,85
1940,183,98
1941,139,78
1942,169,99
1943,168,102
1944,136,86
1945,151,99
1946,140,95
1947,150,106
1948,134,98
1949,135,101
1950,151,117
1951,150,118
1952,155,124
1953,141,114
1954,209,171
1955,196,163
1956,218,184
1957,240,205
1958,287,248
1959,330,289
1960,428,380
1961,516,461
1962,599,538
1963,525,474
1964,574,522
1965,575,526
1966,529,486
1967,561,519
1968,584,543
1969,583,545
1970,598,562
1971,432,407
1972,368,348
1973,311,295
1974,267,254
1975,217,207
1976,193,185
1977,203,195
1978,157,151
1979,184,178
1980,177,171
1981,179,174
1982,154,150
1983,160,156
1984,119,116
1985,130,127
1986,130,127
1987,83,81
1988,95,93
1989,94,92
1990,83,82
1991,78,77
1992,58,57
1993,71,70
1994,66,65
1995,47,46
1996,37,36
1997,39,38
1998,32,32
1999,25,25
2000,34,34
2001,25,25
2002,17,17
2003,21,21
2004,14,14
2005,12,12
2006,14,14
2007,10,10
2008,11,11
2009,11,11
2010,8,8
2011,10,10
2012,15,15
2013,5,5
2014,0,0
2015,0,0
2016,5,5
2017,6,6
2018,6,6
2019,7,7
2020,0,0