YOB,Born,Alive
1900,0,0
1901,0,0
1902,0,0
1903,0,0
1904,0,0
1905,0,0
1906,0,0
1907,0,0
1908,0,0
1909,0,0
1910,0,0
1911,0,0
1912,0,0
1913,0,0
1914,5,0
1915,9,0
1916,5,0
1917,7,0
1918,9,0
1919,7,0
1920,7,0
1921,0,0
1922,5,0
1923,10,1
1924,8,1
1925,11,1
1926,12,1
1927,12,2
1928,12,2
1929,17,3
1930,17,3
1931,16,4
1932,26,7
1933,37,11
1934,51,17
1935,52,19
1936,56,22
1937,79,34
1938,60,28
1939,74,37
1940,85,46
1941,98,55
1942,107,63
1943,102,62
1944,219,139
1945,206,135
1946,418,284
1947,679,478
1948,1125,819
1949,2392,1798
1950,6178,4790
1951,17066,13424
1952,26831,21408
1953,36857,29825
1954,45898,37659
1955,50567,42061
1956,48307,40727
1957,42739,36515
1958,35519,30748
1959,31374,27514
1960,26737,23749
1961,22150,19790
1962,20594,18506
1963,17336,15668
1964,15331,13936
1965,13098,11974
1966,11260,10352
1967,10219,9448
1968,9094,8455
1969,7950,7432
1970,7197,6766
1971,5928,5589
1972,4666,4412
1973,3652,3464
1974,3129,2976
1975,2443,2331
1976,2070,1981
1977,1961,1882
1978,1874,1804
1979,1689,1630
1980,1558,1508
1981,1342,1301
1982,1313,1275
1983,1084,1054
1984,1020,993
1985,917,894
1986,776,758
1987,641,627
1988,618,605
1989,555,544
1990,543,533
1991,477,469
1992,353,347
1993,357,351
1994,308,303
1995,257,253
1996,226,223
1997,213,210
1998,205,203
1999,187,185
2000,164,162
2001,143,142
2002,140,139
2003,123,122
2004,132,131
2005,103,102
2006,118,117
2007,120,119
2008,88,87
2009,81,80
2010,73,73
2011,64,64
2012,67,67
2013,47,47
2014,54,54
2015,38,38
2016,53,53
2017,45,45
2018,50,50
2019,52,52
2020,44,44