YOB,Born,Alive
1900,0,0
1901,0,0
1902,0,0
1903,0,0
1904,0,0
1905,0,0
1906,0,0
1907,0,0
1908,0,0
1909,0,0
1910,0,0
1911,0,0
1912,0,0
1913,6,0
1914,0,0
1915,8,0
1916,7,0
1917,10,1
1918,14,1
1919,8,1
1920,12,1
1921,19,2
1922,16,2
1923,12,2
1924,12,2
1925,20,5
1926,11,3
1927,18,5
1928,15,5
1929,19,7
1930,20,8
1931,8,3
1932,13,6
1933,13,6
1934,14,7
1935,24,13
1936,14,8
1937,9,5
1938,6,4
1939,21,14
1940,10,7
1941,7,5
1942,7,5
1943,16,12
1944,6,4
1945,12,9
1946,16,12
1947,9,7
1948,9,7
1949,12,10
1950,8,7
1951,8,7
1952,5,4
1953,6,5
1954,7,6
1955,9,8
1956,15,13
1957,9,8
1958,6,5
1959,7,6
1960,12,11
1961,0,0
1962,0,0
1963,0,0
1964,0,0
1965,7,7
1966,6,6
1967,0,0
1968,0,0
1969,0,0
1970,7,7