YOB,Born,Alive
1900,0,0
1901,0,0
1902,0,0
1903,0,0
1904,0,0
1905,0,0
1906,0,0
1907,0,0
1908,0,0
1909,0,0
1910,0,0
1911,0,0
1912,0,0
1913,0,0
1914,0,0
1915,0,0
1916,0,0
1917,0,0
1918,0,0
1919,0,0
1920,0,0
1921,0,0
1922,0,0
1923,0,0
1924,0,0
1925,0,0
1926,0,0
1927,0,0
1928,0,0
1929,0,0
1930,0,0
1931,0,0
1932,0,0
1933,0,0
1934,0,0
1935,0,0
1936,0,0
1937,0,0
1938,0,0
1939,0,0
1940,0,0
1941,0,0
1942,0,0
1943,0,0
1944,0,0
1945,0,0
1946,0,0
1947,0,0
1948,0,0
1949,0,0
1950,0,0
1951,0,0
1952,0,0
1953,0,0
1954,0,0
1955,0,0
1956,0,0
1957,0,0
1958,0,0
1959,0,0
1960,0,0
1961,0,0
1962,0,0
1963,0,0
1964,0,0
1965,0,0
1966,0,0
1967,0,0
1968,0,0
1969,0,0
1970,0,0
1971,0,0
1972,0,0
1973,9,9
1974,18,17
1975,16,15
1976,26,25
1977,24,23
1978,29,28
1979,24,23
1980,37,36
1981,36,35
1982,43,42
1983,31,30
1984,61,59
1985,40,39
1986,48,47
1987,47,46
1988,60,59
1989,70,69
1990,54,53
1991,77,76
1992,61,60
1993,72,71
1994,76,75
1995,60,59
1996,26,26
1997,43,42
1998,28,28
1999,24,24
2000,33,33
2001,15,15
2002,10,10
2003,6,6
2004,19,19
2005,14,14
2006,9,9
2007,10,10
2008,7,7
2009,6,6
2010,0,0
2011,0,0
2012,0,0
2013,0,0
2014,0,0
2015,0,0
2016,7,7
2017,0,0
2018,0,0
2019,0,0
2020,0,0