YOB,Born,Alive
1900,6,0
1901,0,0
1902,0,0
1903,6,0
1904,5,0
1905,16,0
1906,11,0
1907,12,0
1908,21,0
1909,11,0
1910,21,0
1911,26,0
1912,36,1
1913,33,1
1914,41,1
1915,50,2
1916,57,2
1917,83,4
1918,90,5
1919,104,7
1920,129,9
1921,117,12
1922,114,15
1923,122,20
1924,159,31
1925,158,36
1926,161,42
1927,141,41
1928,163,52
1929,115,40
1930,151,58
1931,160,66
1932,171,75
1933,129,61
1934,154,77
1935,155,82
1936,123,69
1937,146,86
1938,134,82
1939,127,82
1940,154,104
1941,146,101
1942,146,103
1943,128,93
1944,157,117
1945,153,116
1946,136,106
1947,161,128
1948,158,128
1949,157,130
1950,155,131
1951,181,155
1952,172,148
1953,195,169
1954,196,172
1955,190,168
1956,202,180
1957,196,176
1958,184,166
1959,162,148
1960,165,151
1961,147,135
1962,147,136
1963,132,123
1964,110,102
1965,107,100
1966,88,83
1967,71,67
1968,83,78
1969,74,70
1970,66,63
1971,62,59
1972,53,51
1973,43,41
1974,37,36
1975,32,31
1976,36,35
1977,30,29
1978,19,18
1979,22,21
1980,41,40
1981,16,16
1982,22,21
1983,19,19
1984,19,19
1985,13,13
1986,13,13
1987,13,13
1988,17,17
1989,13,13
1990,14,14
1991,14,14
1992,9,9
1993,6,6
1994,6,6
1995,5,5
1996,0,0
1997,0,0
1998,5,5