YOB,Born,Alive
1900,0,0
1901,0,0
1902,0,0
1903,0,0
1904,0,0
1905,0,0
1906,0,0
1907,0,0
1908,0,0
1909,0,0
1910,0,0
1911,0,0
1912,0,0
1913,0,0
1914,0,0
1915,0,0
1916,0,0
1917,8,0
1918,0,0
1919,0,0
1920,0,0
1921,0,0
1922,5,0
1923,0,0
1924,0,0
1925,0,0
1926,0,0
1927,0,0
1928,0,0
1929,0,0
1930,6,1
1931,5,1
1932,0,0
1933,0,0
1934,0,0
1935,0,0
1936,0,0
1937,0,0
1938,0,0
1939,0,0
1940,0,0
1941,0,0
1942,0,0
1943,5,2
1944,0,0
1945,0,0
1946,0,0
1947,6,4
1948,0,0
1949,0,0
1950,0,0
1951,0,0
1952,5,3
1953,0,0
1954,0,0
1955,5,4
1956,0,0
1957,7,5
1958,5,4
1959,5,4
1960,0,0
1961,0,0
1962,0,0
1963,0,0
1964,5,4
1965,0,0
1966,13,11
1967,9,8
1968,31,27
1969,60,54
1970,75,67
1971,76,69
1972,45,41
1973,43,39
1974,58,53
1975,62,57
1976,62,58
1977,102,95
1978,88,82
1979,94,89
1980,100,95
1981,89,84
1982,89,85
1983,128,122
1984,203,194
1985,186,178
1986,173,166
1987,162,156
1988,140,135
1989,120,116
1990,125,121
1991,148,144
1992,150,146
1993,138,134
1994,132,129
1995,119,116
1996,143,140
1997,132,129
1998,170,167
1999,166,163
2000,191,188
2001,194,191
2002,232,229
2003,237,234
2004,233,230
2005,262,259
2006,288,285
2007,323,320
2008,395,391
2009,366,363
2010,339,336
2011,259,257
2012,227,225
2013,180,179
2014,175,174
2015,140,139
2016,91,90
2017,58,58
2018,42,42
2019,43,43
2020,40,40