YOB,Born,Alive
1900,0,0
1901,0,0
1902,0,0
1903,0,0
1904,0,0
1905,0,0
1906,0,0
1907,0,0
1908,0,0
1909,0,0
1910,0,0
1911,0,0
1912,0,0
1913,0,0
1914,0,0
1915,0,0
1916,0,0
1917,0,0
1918,0,0
1919,0,0
1920,0,0
1921,0,0
1922,0,0
1923,0,0
1924,5,0
1925,0,0
1926,6,0
1927,0,0
1928,0,0
1929,0,0
1930,0,0
1931,0,0
1932,0,0
1933,0,0
1934,0,0
1935,0,0
1936,0,0
1937,0,0
1938,0,0
1939,0,0
1940,0,0
1941,0,0
1942,0,0
1943,0,0
1944,0,0
1945,0,0
1946,0,0
1947,0,0
1948,0,0
1949,0,0
1950,0,0
1951,0,0
1952,5,3
1953,7,5
1954,5,4
1955,0,0
1956,0,0
1957,5,4
1958,0,0
1959,6,5
1960,0,0
1961,0,0
1962,0,0
1963,6,5
1964,0,0
1965,0,0
1966,5,4
1967,0,0
1968,0,0
1969,0,0
1970,0,0
1971,0,0
1972,0,0
1973,5,5
1974,0,0
1975,0,0
1976,7,6
1977,0,0
1978,5,5
1979,0,0
1980,5,5
1981,12,11
1982,0,0
1983,0,0
1984,6,6
1985,0,0
1986,0,0
1987,0,0
1988,0,0
1989,5,5
1990,0,0
1991,6,6
1992,0,0
1993,5,5
1994,0,0
1995,0,0
1996,5,5
1997,0,0
1998,0,0
1999,0,0
2000,0,0
2001,0,0
2002,0,0
2003,5,5
2004,0,0
2005,5,5
2006,0,0
2007,5,5
2008,0,0
2009,0,0
2010,0,0
2011,0,0
2012,0,0
2013,0,0
2014,0,0
2015,0,0
2016,0,0
2017,0,0
2018,0,0
2019,0,0
2020,0,0