YOB,Born,Alive
1900,12,0
1901,16,0
1902,8,0
1903,10,0
1904,13,0
1905,8,0
1906,11,0
1907,12,0
1908,12,0
1909,12,0
1910,13,0
1911,11,0
1912,12,0
1913,9,0
1914,15,0
1915,20,0
1916,20,0
1917,17,0
1918,22,0
1919,17,0
1920,16,0
1921,21,1
1922,18,1
1923,15,1
1924,18,2
1925,22,3
1926,22,3
1927,22,4
1928,25,5
1929,30,6
1930,32,8
1931,29,8
1932,28,8
1933,18,6
1934,22,8
1935,14,5
1936,21,9
1937,18,8
1938,16,8
1939,16,8
1940,11,6
1941,12,7
1942,9,5
1943,14,9
1944,7,4
1945,0,0
1946,11,7
1947,0,0
1948,7,5
1949,5,4
1950,6,5
1951,0,0
1952,0,0
1953,6,5
1954,0,0
1955,5,4
1956,10,8
1957,0,0
1958,0,0
1959,5,4
1960,0,0
1961,0,0
1962,0,0
1963,5,4
1964,0,0
1965,0,0
1966,0,0
1967,5,5
1968,0,0
1969,0,0
1970,0,0
1971,5,5
1972,0,0
1973,0,0
1974,0,0
1975,0,0
1976,0,0
1977,0,0
1978,0,0
1979,0,0
1980,7,7
1981,0,0
1982,0,0
1983,5,5
1984,0,0
1985,0,0
1986,0,0
1987,0,0
1988,0,0
1989,6,6
1990,5,5
1991,0,0
1992,0,0
1993,0,0
1994,0,0
1995,0,0
1996,0,0
1997,0,0
1998,0,0
1999,0,0
2000,0,0
2001,0,0
2002,0,0
2003,0,0
2004,0,0
2005,0,0
2006,5,5
2007,0,0
2008,0,0
2009,0,0
2010,0,0
2011,7,7