YOB,Born,Alive
1900,11,0
1901,0,0
1902,6,0
1903,5,0
1904,5,0
1905,12,0
1906,7,0
1907,7,0
1908,5,0
1909,0,0
1910,12,0
1911,9,0
1912,15,0
1913,18,0
1914,29,0
1915,44,0
1916,45,0
1917,38,0
1918,39,0
1919,36,0
1920,36,0
1921,39,1
1922,42,2
1923,38,2
1924,55,4
1925,44,4
1926,42,4
1927,47,5
1928,38,5
1929,48,7
1930,47,7
1931,42,8
1932,45,10
1933,43,11
1934,50,14
1935,35,11
1936,34,12
1937,28,11
1938,37,15
1939,51,23
1940,33,16
1941,37,18
1942,41,21
1943,41,22
1944,53,30
1945,37,22
1946,53,33
1947,39,25
1948,51,34
1949,51,35
1950,36,26
1951,39,28
1952,29,22
1953,38,29
1954,36,28
1955,31,24
1956,23,18
1957,28,23
1958,32,26
1959,22,18
1960,20,17
1961,17,14
1962,20,17
1963,33,28
1964,17,15
1965,23,20
1966,17,15
1967,23,20
1968,30,27
1969,19,17
1970,22,20
1971,16,15
1972,21,19
1973,27,25
1974,12,11
1975,16,15
1976,22,21
1977,8,8
1978,12,11
1979,13,12
1980,10,10
1981,17,16
1982,20,19
1983,17,16
1984,12,12
1985,9,9
1986,21,20
1987,12,12
1988,16,15
1989,14,14
1990,15,15
1991,18,18
1992,19,19
1993,20,20
1994,22,22
1995,26,25
1996,18,18
1997,24,24
1998,21,21
1999,31,31
2000,28,28
2001,23,23
2002,31,31
2003,33,33
2004,22,22
2005,25,25
2006,26,26
2007,38,38
2008,40,40
2009,46,46
2010,68,68
2011,77,77
2012,70,70
2013,58,58
2014,71,71
2015,75,75
2016,76,76
2017,71,71