YOB,Born,Alive
1900,0,0
1901,0,0
1902,0,0
1903,0,0
1904,0,0
1905,0,0
1906,0,0
1907,5,0
1908,0,0
1909,6,0
1910,0,0
1911,0,0
1912,8,0
1913,5,0
1914,16,0
1915,13,0
1916,17,0
1917,9,0
1918,15,0
1919,6,0
1920,22,0
1921,26,1
1922,30,1
1923,34,2
1924,45,4
1925,58,6
1926,50,6
1927,75,10
1928,73,11
1929,88,15
1930,74,14
1931,92,21
1932,86,22
1933,113,33
1934,146,48
1935,165,60
1936,205,82
1937,198,86
1938,230,108
1939,233,117
1940,242,130
1941,283,159
1942,353,207
1943,429,261
1944,373,236
1945,381,250
1946,565,384
1947,663,467
1948,579,421
1949,610,458
1950,712,552
1951,1143,899
1952,1457,1163
1953,2033,1645
1954,2093,1717
1955,2174,1808
1956,2421,2041
1957,2698,2305
1958,3111,2693
1959,2760,2420
1960,2458,2183
1961,2061,1841
1962,1969,1769
1963,1754,1585
1964,1633,1484
1965,1311,1198
1966,999,918
1967,887,820
1968,688,640
1969,578,540
1970,539,507
1971,421,397
1972,331,313
1973,249,236
1974,238,226
1975,169,161
1976,132,126
1977,115,110
1978,83,80
1979,90,87
1980,74,72
1981,69,67
1982,76,74
1983,75,73
1984,65,63
1985,49,48
1986,38,37
1987,35,34
1988,34,33
1989,21,21
1990,20,20
1991,13,13
1992,15,15
1993,23,23
1994,14,14
1995,12,12
1996,8,8
1997,8,8
1998,11,11
1999,9,9
2000,10,10
2001,6,6
2002,9,9
2003,7,7
2004,7,7
2005,6,6
2006,0,0
2007,6,6
2008,0,0
2009,0,0
2010,0,0
2011,0,0
2012,0,0
2013,7,7
2014,0,0
2015,6,6
2016,5,5
2017,7,7
2018,7,7
2019,0,0
2020,0,0