YOB,Born,Alive
1900,0,0
1901,0,0
1902,0,0
1903,0,0
1904,0,0
1905,0,0
1906,0,0
1907,0,0
1908,0,0
1909,0,0
1910,0,0
1911,0,0
1912,0,0
1913,0,0
1914,0,0
1915,0,0
1916,0,0
1917,0,0
1918,0,0
1919,0,0
1920,0,0
1921,0,0
1922,8,1
1923,5,1
1924,0,0
1925,0,0
1926,9,2
1927,9,2
1928,7,2
1929,6,2
1930,8,2
1931,6,2
1932,5,2
1933,0,0
1934,0,0
1935,0,0
1936,0,0
1937,0,0
1938,0,0
1939,0,0
1940,0,0
1941,0,0
1942,0,0
1943,0,0
1944,6,4
1945,7,5
1946,0,0
1947,0,0
1948,7,5
1949,5,4
1950,6,5
1951,0,0
1952,8,7
1953,7,6
1954,0,0
1955,5,4
1956,6,5
1957,6,5
1958,0,0
1959,0,0
1960,0,0
1961,0,0
1962,8,7
1963,0,0
1964,6,6
1965,0,0
1966,0,0
1967,0,0
1968,5,5
1969,5,5
1970,7,7
1971,5,5
1972,6,6
1973,0,0
1974,0,0
1975,0,0
1976,0,0
1977,0,0
1978,0,0
1979,5,5
1980,0,0
1981,0,0
1982,0,0
1983,0,0
1984,0,0
1985,0,0
1986,0,0
1987,0,0
1988,0,0
1989,0,0
1990,0,0
1991,0,0
1992,0,0
1993,0,0
1994,0,0
1995,0,0
1996,0,0
1997,0,0
1998,0,0
1999,0,0
2000,0,0
2001,0,0
2002,0,0
2003,0,0
2004,0,0
2005,0,0
2006,0,0
2007,0,0
2008,0,0
2009,0,0
2010,0,0
2011,0,0
2012,0,0
2013,0,0
2014,0,0
2015,0,0
2016,0,0
2017,0,0