YOB,Born,Alive
1900,0,0
1901,0,0
1902,0,0
1903,0,0
1904,0,0
1905,0,0
1906,0,0
1907,0,0
1908,0,0
1909,0,0
1910,0,0
1911,5,0
1912,0,0
1913,0,0
1914,0,0
1915,7,0
1916,12,0
1917,0,0
1918,11,0
1919,7,0
1920,7,0
1921,11,1
1922,6,0
1923,9,1
1924,9,1
1925,13,2
1926,7,1
1927,5,1
1928,8,2
1929,13,3
1930,11,3
1931,8,3
1932,11,4
1933,11,4
1934,9,4
1935,10,4
1936,15,7
1937,16,8
1938,12,7
1939,12,7
1940,21,13
1941,13,8
1942,13,8
1943,9,6
1944,14,10
1945,16,11
1946,12,9
1947,12,9
1948,12,9
1949,19,15
1950,25,20
1951,16,13
1952,18,15
1953,17,14
1954,23,20
1955,23,20
1956,5,4
1957,13,11
1958,16,14
1959,18,16
1960,11,10
1961,19,17
1962,14,13
1963,11,10
1964,20,18
1965,12,11
1966,18,17
1967,9,8
1968,9,8
1969,12,11
1970,8,8
1971,21,20
1972,16,15
1973,19,18
1974,11,11
1975,17,16
1976,7,7
1977,6,6
1978,6,6
1979,7,7
1980,9,9
1981,0,0
1982,0,0
1983,6,6
1984,9,9
1985,5,5
1986,0,0
1987,6,6
1988,0,0
1989,8,8
1990,0,0
1991,0,0
1992,0,0
1993,5,5
1994,0,0
1995,0,0
1996,0,0
1997,7,7
1998,0,0
1999,0,0
2000,0,0
2001,0,0
2002,0,0
2003,0,0
2004,6,6
2005,5,5
2006,0,0
2007,0,0
2008,0,0
2009,0,0
2010,0,0
2011,0,0
2012,0,0
2013,5,5
2014,6,6
2015,0,0
2016,0,0
2017,0,0