YOB,Born,Alive
1900,0,0
1901,0,0
1902,0,0
1903,0,0
1904,0,0
1905,0,0
1906,0,0
1907,0,0
1908,0,0
1909,0,0
1910,0,0
1911,0,0
1912,0,0
1913,0,0
1914,0,0
1915,0,0
1916,0,0
1917,0,0
1918,0,0
1919,0,0
1920,0,0
1921,0,0
1922,0,0
1923,0,0
1924,0,0
1925,0,0
1926,0,0
1927,0,0
1928,0,0
1929,0,0
1930,0,0
1931,0,0
1932,0,0
1933,0,0
1934,0,0
1935,0,0
1936,0,0
1937,0,0
1938,0,0
1939,0,0
1940,0,0
1941,0,0
1942,0,0
1943,0,0
1944,0,0
1945,12,9
1946,0,0
1947,5,4
1948,9,7
1949,22,18
1950,13,11
1951,10,9
1952,29,25
1953,26,23
1954,29,25
1955,35,31
1956,29,26
1957,38,34
1958,42,38
1959,38,35
1960,35,32
1961,57,53
1962,67,62
1963,61,57
1964,67,62
1965,83,78
1966,90,84
1967,87,82
1968,101,96
1969,118,112
1970,150,143
1971,161,154
1972,149,143
1973,185,177
1974,209,201
1975,196,189
1976,283,273
1977,278,269
1978,221,214
1979,256,249
1980,236,230
1981,191,186
1982,144,141
1983,153,150
1984,173,169
1985,410,402
1986,336,330
1987,310,304
1988,310,305
1989,368,362
1990,366,360
1991,315,310
1992,313,309
1993,247,244
1994,236,233
1995,199,197
1996,218,216
1997,196,194
1998,175,173
1999,170,168
2000,182,180
2001,151,150
2002,143,142
2003,136,135
2004,134,133
2005,130,129
2006,125,124
2007,109,108
2008,112,111
2009,99,98
2010,76,76
2011,60,60
2012,60,60
2013,54,54