YOB,Born,Alive
1900,0,0
1901,0,0
1902,0,0
1903,0,0
1904,0,0
1905,0,0
1906,0,0
1907,0,0
1908,0,0
1909,0,0
1910,0,0
1911,0,0
1912,0,0
1913,0,0
1914,0,0
1915,0,0
1916,0,0
1917,0,0
1918,0,0
1919,0,0
1920,0,0
1921,0,0
1922,0,0
1923,0,0
1924,0,0
1925,0,0
1926,0,0
1927,0,0
1928,0,0
1929,0,0
1930,0,0
1931,0,0
1932,0,0
1933,0,0
1934,0,0
1935,0,0
1936,0,0
1937,0,0
1938,0,0
1939,0,0
1940,0,0
1941,0,0
1942,0,0
1943,0,0
1944,9,6
1945,5,4
1946,0,0
1947,15,11
1948,6,5
1949,5,4
1950,14,11
1951,9,7
1952,7,6
1953,19,16
1954,16,14
1955,33,28
1956,26,23
1957,36,32
1958,39,35
1959,77,69
1960,212,192
1961,266,242
1962,292,267
1963,344,316
1964,431,397
1965,490,454
1966,680,632
1967,788,736
1968,842,790
1969,949,895
1970,1151,1090
1971,1493,1417
1972,2426,2309
1973,3475,3316
1974,4438,4246
1975,5553,5327
1976,5906,5680
1977,6314,6088
1978,5834,5640
1979,5786,5608
1980,5542,5385
1981,4799,4669
1982,4071,3966
1983,3189,3110
1984,2792,2726
1985,2413,2359
1986,1971,1929
1987,1713,1679
1988,1406,1380
1989,1220,1199
1990,996,980
1991,941,926
1992,741,730
1993,598,589
1994,488,481
1995,412,407
1996,369,364
1997,325,321
1998,307,304
1999,241,239
2000,242,240
2001,199,197
2002,166,165
2003,164,163
2004,128,127
2005,136,135
2006,111,110
2007,92,91
2008,84,83
2009,103,102
2010,67,67
2011,76,76
2012,66,66
2013,40,40
2014,64,64
2015,52,52
2016,43,43
2017,39,39