YOB,Born,Alive
1900,60,0
1901,38,0
1902,48,0
1903,47,0
1904,51,0
1905,64,0
1906,60,0
1907,66,0
1908,66,0
1909,72,0
1910,81,0
1911,82,0
1912,90,0
1913,95,0
1914,118,0
1915,138,1
1916,146,1
1917,130,1
1918,164,1
1919,142,1
1920,158,2
1921,168,5
1922,164,7
1923,161,10
1924,144,12
1925,155,15
1926,150,18
1927,131,18
1928,109,17
1929,120,21
1930,119,23
1931,83,19
1932,81,21
1933,89,26
1934,97,32
1935,74,27
1936,89,35
1937,78,34
1938,72,34
1939,68,34
1940,76,41
1941,76,43
1942,75,44
1943,63,38
1944,51,32
1945,66,43
1946,63,43
1947,53,37
1948,70,51
1949,55,41
1950,71,55
1951,74,58
1952,65,52
1953,60,49
1954,57,47
1955,46,38
1956,38,32
1957,47,40
1958,42,36
1959,48,42
1960,37,33
1961,33,29
1962,34,31
1963,19,17
1964,22,20
1965,31,28
1966,21,19
1967,16,15
1968,28,26
1969,13,12
1970,19,18
1971,14,13
1972,19,18
1973,13,12
1974,12,11
1975,13,12
1976,5,5
1977,7,7
1978,15,14
1979,13,13
1980,10,10
1981,11,11
1982,7,7
1983,9,9
1984,7,7
1985,6,6
1986,6,6
1987,12,12
1988,10,10
1989,9,9
1990,6,6
1991,8,8
1992,0,0
1993,5,5
1994,8,8
1995,0,0
1996,5,5
1997,0,0
1998,0,0
1999,8,8
2000,0,0
2001,0,0
2002,0,0
2003,0,0
2004,0,0
2005,6,6
2006,0,0
2007,5,5
2008,5,5
2009,6,6
2010,5,5
2011,5,5
2012,11,11
2013,9,9
2014,7,7
2015,10,10
2016,10,10
2017,13,13
2018,9,9
2019,5,5
2020,13,13