YOB,Born,Alive
1900,0,0
1901,0,0
1902,0,0
1903,0,0
1904,5,0
1905,0,0
1906,0,0
1907,5,0
1908,0,0
1909,0,0
1910,0,0
1911,0,0
1912,14,0
1913,10,0
1914,23,0
1915,19,0
1916,27,0
1917,19,0
1918,25,0
1919,30,0
1920,14,0
1921,40,0
1922,36,1
1923,37,1
1924,45,2
1925,31,1
1926,25,1
1927,37,2
1928,41,3
1929,26,2
1930,40,4
1931,33,4
1932,31,5
1933,28,5
1934,31,7
1935,27,7
1936,28,8
1937,32,10
1938,30,10
1939,25,9
1940,29,12
1941,31,13
1942,15,7
1943,20,10
1944,29,15
1945,14,7
1946,21,12
1947,30,18
1948,24,15
1949,24,15
1950,16,11
1951,19,13
1952,17,12
1953,12,9
1954,11,8
1955,20,15
1956,14,11
1957,16,12
1958,9,7
1959,15,12
1960,12,10
1961,14,12
1962,16,13
1963,9,8
1964,11,9
1965,13,11
1966,8,7
1967,8,7
1968,5,4
1969,8,7
1970,0,0
1971,14,13
1972,9,8
1973,10,9
1974,0,0
1975,5,5
1976,6,6
1977,5,5
1978,7,7
1979,0,0
1980,0,0
1981,5,5
1982,0,0
1983,0,0
1984,5,5
1985,10,10
1986,0,0
1987,8,8
1988,5,5
1989,7,7
1990,5,5
1991,9,9
1992,0,0
1993,7,7
1994,7,7
1995,10,10
1996,7,7
1997,8,8
1998,0,0
1999,0,0
2000,0,0
2001,7,7
2002,0,0
2003,8,8
2004,6,6
2005,8,8
2006,10,10
2007,9,9
2008,15,15
2009,25,25
2010,17,17
2011,16,16
2012,13,13
2013,18,18
2014,19,19
2015,19,19
2016,32,32
2017,24,24
2018,24,24
2019,20,20
2020,15,15