YOB,Born,Alive
1900,15,0
1901,19,0
1902,15,0
1903,16,0
1904,24,0
1905,16,0
1906,11,0
1907,19,0
1908,29,0
1909,25,0
1910,28,0
1911,27,0
1912,46,0
1913,38,0
1914,61,1
1915,68,1
1916,79,1
1917,70,1
1918,65,1
1919,79,2
1920,79,2
1921,74,3
1922,69,4
1923,66,6
1924,71,8
1925,59,8
1926,60,9
1927,51,9
1928,47,9
1929,67,14
1930,53,12
1931,56,15
1932,53,16
1933,45,15
1934,42,15
1935,57,22
1936,39,16
1937,40,18
1938,48,23
1939,38,20
1940,44,24
1941,30,17
1942,32,19
1943,42,26
1944,31,20
1945,24,16
1946,32,22
1947,27,19
1948,21,15
1949,18,13
1950,17,13
1951,17,13
1952,22,17
1953,17,13
1954,13,10
1955,18,15
1956,17,14
1957,14,12
1958,0,0
1959,13,11
1960,10,9
1961,8,7
1962,17,15
1963,8,7
1964,16,14
1965,0,0
1966,0,0
1967,7,6
1968,6,5
1969,5,5
1970,5,5
1971,0,0
1972,7,6
1973,0,0
1974,5,5
1975,0,0
1976,7,7
1977,0,0
1978,0,0
1979,0,0
1980,0,0
1981,0,0
1982,0,0
1983,0,0
1984,0,0
1985,5,5
1986,0,0
1987,0,0
1988,0,0
1989,0,0
1990,0,0
1991,0,0
1992,0,0
1993,0,0
1994,7,7
1995,5,5
1996,0,0
1997,0,0
1998,0,0
1999,0,0
2000,0,0
2001,5,5
2002,5,5
2003,0,0
2004,7,7
2005,0,0
2006,0,0
2007,11,11
2008,7,7
2009,6,6
2010,7,7
2011,8,8
2012,0,0
2013,6,6