YOB,Born,Alive
1900,0,0
1901,0,0
1902,0,0
1903,0,0
1904,0,0
1905,0,0
1906,0,0
1907,0,0
1908,7,0
1909,5,0
1910,0,0
1911,0,0
1912,6,0
1913,7,0
1914,7,0
1915,12,0
1916,11,0
1917,15,0
1918,0,0
1919,7,0
1920,11,0
1921,9,0
1922,0,0
1923,8,0
1924,13,0
1925,14,1
1926,18,1
1927,20,1
1928,30,2
1929,26,2
1930,38,3
1931,34,4
1932,28,4
1933,27,5
1934,34,7
1935,43,10
1936,42,12
1937,46,14
1938,47,16
1939,55,20
1940,46,18
1941,63,27
1942,65,29
1943,46,22
1944,51,26
1945,57,30
1946,59,33
1947,70,41
1948,42,26
1949,32,21
1950,24,16
1951,28,19
1952,19,13
1953,20,14
1954,15,11
1955,20,15
1956,28,21
1957,49,38
1958,63,50
1959,56,45
1960,66,54
1961,57,47
1962,55,46
1963,43,36
1964,44,37
1965,35,30
1966,18,16
1967,22,19
1968,19,17
1969,18,16
1970,23,21
1971,18,16
1972,13,12
1973,10,9
1974,0,0
1975,7,6
1976,6,6
1977,7,7
1978,0,0
1979,0,0
1980,9,9
1981,6,6
1982,5,5
1983,0,0
1984,6,6
1985,8,8
1986,0,0
1987,0,0
1988,6,6
1989,6,6
1990,0,0
1991,5,5
1992,6,6
1993,6,6
1994,0,0
1995,0,0
1996,0,0
1997,0,0
1998,0,0
1999,0,0
2000,0,0
2001,0,0
2002,0,0
2003,0,0
2004,0,0
2005,0,0
2006,0,0
2007,0,0
2008,0,0
2009,0,0
2010,0,0
2011,0,0
2012,0,0
2013,0,0
2014,0,0
2015,0,0
2016,0,0
2017,0,0
2018,0,0
2019,0,0
2020,0,0