YOB,Born,Alive
1900,0,0
1901,0,0
1902,0,0
1903,0,0
1904,0,0
1905,0,0
1906,0,0
1907,0,0
1908,0,0
1909,0,0
1910,0,0
1911,0,0
1912,0,0
1913,0,0
1914,0,0
1915,0,0
1916,0,0
1917,0,0
1918,0,0
1919,0,0
1920,0,0
1921,0,0
1922,0,0
1923,0,0
1924,0,0
1925,0,0
1926,0,0
1927,0,0
1928,0,0
1929,0,0
1930,0,0
1931,0,0
1932,0,0
1933,0,0
1934,0,0
1935,0,0
1936,0,0
1937,0,0
1938,0,0
1939,0,0
1940,0,0
1941,0,0
1942,0,0
1943,0,0
1944,0,0
1945,0,0
1946,0,0
1947,0,0
1948,0,0
1949,0,0
1950,0,0
1951,0,0
1952,0,0
1953,0,0
1954,0,0
1955,0,0
1956,0,0
1957,0,0
1958,0,0
1959,0,0
1960,0,0
1961,0,0
1962,0,0
1963,0,0
1964,0,0
1965,0,0
1966,0,0
1967,0,0
1968,0,0
1969,0,0
1970,0,0
1971,0,0
1972,0,0
1973,0,0
1974,0,0
1975,0,0
1976,0,0
1977,0,0
1978,5,5
1979,7,7
1980,6,6
1981,0,0
1982,7,7
1983,6,6
1984,5,5
1985,5,5
1986,5,5
1987,0,0
1988,9,9
1989,5,5
1990,0,0
1991,9,9
1992,11,11
1993,9,9
1994,13,13
1995,11,11
1996,16,16
1997,12,12
1998,9,9
1999,15,15
2000,12,12
2001,16,16
2002,19,19
2003,12,12
2004,7,7
2005,11,11
2006,10,10
2007,9,9
2008,12,12
2009,11,11
2010,15,15
2011,15,15
2012,10,10
2013,13,13
2014,8,8
2015,8,8
2016,13,13
2017,11,11