YOB,Born,Alive
1900,0,0
1901,0,0
1902,0,0
1903,0,0
1904,0,0
1905,0,0
1906,0,0
1907,0,0
1908,0,0
1909,0,0
1910,0,0
1911,0,0
1912,0,0
1913,0,0
1914,0,0
1915,0,0
1916,0,0
1917,0,0
1918,0,0
1919,0,0
1920,0,0
1921,0,0
1922,0,0
1923,0,0
1924,0,0
1925,0,0
1926,0,0
1927,0,0
1928,0,0
1929,0,0
1930,0,0
1931,0,0
1932,0,0
1933,0,0
1934,0,0
1935,0,0
1936,0,0
1937,0,0
1938,0,0
1939,0,0
1940,0,0
1941,0,0
1942,0,0
1943,0,0
1944,0,0
1945,0,0
1946,0,0
1947,0,0
1948,0,0
1949,0,0
1950,0,0
1951,0,0
1952,0,0
1953,0,0
1954,0,0
1955,0,0
1956,0,0
1957,0,0
1958,0,0
1959,0,0
1960,0,0
1961,0,0
1962,0,0
1963,0,0
1964,0,0
1965,0,0
1966,0,0
1967,0,0
1968,0,0
1969,0,0
1970,0,0
1971,0,0
1972,0,0
1973,0,0
1974,0,0
1975,0,0
1976,0,0
1977,0,0
1978,0,0
1979,0,0
1980,5,5
1981,0,0
1982,0,0
1983,0,0
1984,0,0
1985,0,0
1986,0,0
1987,0,0
1988,0,0
1989,11,11
1990,7,7
1991,13,13
1992,9,9
1993,10,10
1994,16,16
1995,17,17
1996,15,15
1997,16,16
1998,16,16
1999,28,28
2000,35,34
2001,33,33
2002,37,36
2003,37,37
2004,50,49
2005,40,40
2006,51,50
2007,53,52
2008,57,56
2009,61,60
2010,52,52
2011,61,61
2012,68,68
2013,48,48
2014,46,46
2015,63,63
2016,51,51
2017,57,57
2018,28,28
2019,46,46
2020,73,73