YOB,Born,Alive
1900,0,0
1901,0,0
1902,0,0
1903,0,0
1904,0,0
1905,0,0
1906,0,0
1907,0,0
1908,0,0
1909,0,0
1910,0,0
1911,0,0
1912,5,0
1913,0,0
1914,6,0
1915,9,0
1916,7,0
1917,0,0
1918,8,0
1919,6,0
1920,6,0
1921,7,0
1922,10,1
1923,8,1
1924,7,1
1925,7,1
1926,5,1
1927,12,2
1928,0,0
1929,6,1
1930,0,0
1931,0,0
1932,0,0
1933,0,0
1934,0,0
1935,0,0
1936,0,0
1937,0,0
1938,0,0
1939,0,0
1940,6,3
1941,0,0
1942,0,0
1943,0,0
1944,5,3
1945,0,0
1946,8,5
1947,0,0
1948,5,4
1949,0,0
1950,5,4
1951,9,7
1952,0,0
1953,5,4
1954,7,6
1955,6,5
1956,0,0
1957,0,0
1958,0,0
1959,5,4
1960,0,0
1961,0,0
1962,0,0
1963,0,0
1964,0,0
1965,0,0
1966,0,0
1967,0,0
1968,0,0
1969,0,0
1970,0,0
1971,0,0
1972,0,0
1973,0,0
1974,0,0
1975,0,0
1976,0,0
1977,5,5
1978,0,0
1979,0,0
1980,0,0
1981,0,0
1982,0,0
1983,0,0
1984,0,0
1985,0,0
1986,5,5
1987,0,0
1988,0,0
1989,0,0
1990,0,0
1991,0,0
1992,0,0
1993,5,5