YOB,Born,Alive
1900,0,0
1901,0,0
1902,0,0
1903,0,0
1904,0,0
1905,0,0
1906,0,0
1907,5,0
1908,0,0
1909,0,0
1910,0,0
1911,8,0
1912,14,0
1913,6,0
1914,14,0
1915,14,0
1916,20,0
1917,19,0
1918,13,0
1919,18,0
1920,19,0
1921,19,0
1922,9,0
1923,17,0
1924,14,1
1925,18,1
1926,13,1
1927,11,1
1928,8,1
1929,11,1
1930,8,1
1931,12,1
1932,11,2
1933,13,2
1934,11,2
1935,9,2
1936,0,0
1937,12,4
1938,5,2
1939,13,5
1940,7,3
1941,7,3
1942,16,7
1943,11,5
1944,23,12
1945,15,8
1946,16,9
1947,16,9
1948,14,9
1949,21,13
1950,18,12
1951,20,14
1952,28,20
1953,27,19
1954,33,24
1955,30,22
1956,45,34
1957,35,27
1958,46,36
1959,49,39
1960,65,53
1961,69,57
1962,76,64
1963,66,56
1964,86,73
1965,105,90
1966,103,89
1967,139,122
1968,110,97
1969,134,119
1970,124,112
1971,157,142
1972,135,123
1973,152,139
1974,180,165
1975,218,201
1976,214,199
1977,240,224
1978,254,238
1979,330,311
1980,352,333
1981,405,384
1982,761,724
1983,658,628
1984,475,454
1985,519,497
1986,430,413
1987,477,459
1988,418,403
1989,549,531
1990,737,715
1991,758,736
1992,767,746
1993,1101,1073
1994,1288,1257
1995,1881,1838
1996,1795,1757
1997,3182,3119
1998,2317,2274
1999,2434,2393
2000,2715,2673
2001,2769,2728
2002,2379,2346
2003,2721,2685
2004,4175,4124
2005,3049,3014
2006,3202,3168
2007,2656,2630
2008,2341,2320
2009,2019,2002
2010,1621,1609
2011,1482,1471
2012,1560,1549
2013,1191,1183
2014,1175,1167
2015,995,989
2016,965,959
2017,804,799
2018,675,671
2019,667,664
2020,610,607