YOB,Born,Alive
1900,19,0
1901,17,0
1902,11,0
1903,13,0
1904,12,0
1905,19,0
1906,11,0
1907,15,0
1908,12,0
1909,17,0
1910,25,0
1911,10,0
1912,20,0
1913,25,0
1914,23,0
1915,30,0
1916,34,0
1917,29,0
1918,39,1
1919,32,1
1920,39,1
1921,41,2
1922,37,2
1923,30,3
1924,40,4
1925,43,6
1926,42,6
1927,60,10
1928,55,11
1929,48,10
1930,50,12
1931,49,13
1932,52,15
1933,38,12
1934,48,17
1935,49,19
1936,36,15
1937,47,21
1938,32,15
1939,31,16
1940,33,18
1941,33,19
1942,39,23
1943,22,13
1944,18,11
1945,26,17
1946,20,13
1947,18,13
1948,21,15
1949,13,10
1950,13,10
1951,18,14
1952,22,17
1953,15,12
1954,6,5
1955,13,11
1956,9,7
1957,11,9
1958,15,13
1959,18,15
1960,8,7
1961,7,6
1962,11,10
1963,0,0
1964,0,0
1965,5,4
1966,6,5
1967,0,0
1968,0,0
1969,0,0
1970,0,0
1971,0,0
1972,0,0
1973,5,5
1974,0,0
1975,0,0
1976,0,0
1977,0,0
1978,0,0
1979,0,0
1980,0,0
1981,6,6
1982,6,6
1983,0,0
1984,8,8
1985,5,5
1986,0,0
1987,8,8
1988,5,5
1989,5,5
1990,0,0
1991,6,6