YOB,Born,Alive
1900,0,0
1901,0,0
1902,0,0
1903,0,0
1904,0,0
1905,0,0
1906,0,0
1907,0,0
1908,0,0
1909,0,0
1910,0,0
1911,0,0
1912,0,0
1913,0,0
1914,0,0
1915,0,0
1916,5,0
1917,7,0
1918,0,0
1919,0,0
1920,8,0
1921,0,0
1922,7,0
1923,0,0
1924,8,1
1925,6,1
1926,11,2
1927,0,0
1928,0,0
1929,0,0
1930,0,0
1931,5,1
1932,0,0
1933,8,3
1934,0,0
1935,5,2
1936,0,0
1937,7,3
1938,0,0
1939,5,3
1940,0,0
1941,5,3
1942,0,0
1943,7,4
1944,0,0
1945,5,3
1946,0,0
1947,0,0
1948,0,0
1949,0,0
1950,6,5
1951,5,4
1952,0,0
1953,8,6
1954,5,4
1955,5,4
1956,0,0
1957,0,0
1958,0,0
1959,0,0
1960,0,0
1961,7,6
1962,5,4
1963,0,0
1964,0,0
1965,0,0
1966,0,0
1967,0,0
1968,0,0
1969,0,0
1970,5,5
1971,0,0
1972,0,0
1973,0,0
1974,0,0
1975,0,0
1976,0,0
1977,0,0
1978,0,0
1979,0,0
1980,6,6