YOB,Born,Alive
1900,181,0
1901,158,0
1902,210,0
1903,200,0
1904,178,0
1905,246,0
1906,207,0
1907,273,0
1908,280,0
1909,314,0
1910,350,0
1911,486,0
1912,928,1
1913,1097,3
1914,1486,5
1915,1850,7
1916,1877,9
1917,1892,10
1918,1843,11
1919,1693,12
1920,1772,13
1921,1869,42
1922,1721,64
1923,1606,84
1924,1636,110
1925,1481,121
1926,1337,129
1927,1445,161
1928,1335,169
1929,1356,192
1930,1258,197
1931,1333,251
1932,1389,306
1933,1320,332
1934,1423,404
1935,1650,521
1936,1861,647
1937,2134,809
1938,2726,1121
1939,3176,1407
1940,4423,2101
1941,5808,2900
1942,7503,3928
1943,7929,4344
1944,7792,4459
1945,8637,5152
1946,11835,7348
1947,15326,9888
1948,17057,11420
1949,20479,14209
1950,20509,14728
1951,22478,16422
1952,23049,17125
1953,21809,16475
1954,21872,16794
1955,22133,17269
1956,21190,16796
1957,19710,15868
1958,17949,14673
1959,16494,13689
1960,16259,13696
1961,16053,13633
1962,15623,13375
1963,14991,12937
1964,14969,13021
1965,14648,12842
1966,14747,13031
1967,15093,13440
1968,14768,13253
1969,15098,13653
1970,14772,13459
1971,13105,11995
1972,11043,10154
1973,9958,9197
1974,10117,9386
1975,9739,9076
1976,9730,9108
1977,9642,9066
1978,9861,9313
1979,9904,9394
1980,10066,9590
1981,10295,9829
1982,10628,10168
1983,11562,11084
1984,12091,11616
1985,12208,11753
1986,11875,11456
1987,11549,11164
1988,11600,11237
1989,11735,11391
1990,11940,11614
1991,10526,10254
1992,9306,9079
1993,8367,8175
1994,7478,7318
1995,6557,6426
1996,6006,5895
1997,5411,5319
1998,5013,4935
1999,4541,4477
2000,4135,4083
2001,3737,3692
2002,3347,3308
2003,3141,3106
2004,2848,2818
2005,2741,2714
2006,2549,2525
2007,2370,2349
2008,2090,2073
2009,1917,1902
2010,1818,1805
2011,1576,1566
2012,1562,1553
2013,1451,1444
2014,1445,1440
2015,1493,1489
2016,1374,1371
2017,1321,1320