YOB,Born,Alive
1900,129,0
1901,128,0
1902,112,0
1903,103,0
1904,130,0
1905,117,0
1906,109,0
1907,127,0
1908,114,0
1909,113,0
1910,130,0
1911,116,1
1912,135,2
1913,162,4
1914,193,6
1915,200,7
1916,241,10
1917,197,10
1918,238,14
1919,200,13
1920,213,15
1921,152,16
1922,174,23
1923,146,24
1924,174,34
1925,152,34
1926,146,38
1927,117,34
1928,96,31
1929,105,37
1930,93,36
1931,79,33
1932,73,32
1933,68,32
1934,71,35
1935,66,35
1936,84,47
1937,91,53
1938,77,47
1939,70,45
1940,73,49
1941,75,52
1942,67,47
1943,67,49
1944,57,42
1945,49,37
1946,56,44
1947,42,33
1948,31,25
1949,37,31
1950,37,31
1951,32,27
1952,30,26
1953,24,21
1954,32,28
1955,37,33
1956,22,20
1957,23,21
1958,24,22
1959,23,21
1960,19,17
1961,19,18
1962,20,18
1963,7,6
1964,13,12
1965,10,9
1966,12,11
1967,12,11
1968,9,9
1969,10,9
1970,7,7
1971,12,11
1972,10,10
1973,5,5
1974,12,12
1975,5,5
1976,0,0
1977,11,11
1978,7,7
1979,5,5
1980,12,12
1981,9,9
1982,9,9
1983,9,9
1984,10,10
1985,7,7
1986,9,9
1987,7,7
1988,8,8
1989,12,12
1990,5,5
1991,0,0
1992,0,0
1993,9,9
1994,7,7
1995,5,5
1996,0,0
1997,0,0
1998,0,0
1999,0,0
2000,0,0
2001,6,6
2002,0,0
2003,8,8
2004,5,5