YOB,Born,Alive
1900,10,0
1901,10,0
1902,13,0
1903,16,0
1904,13,0
1905,21,0
1906,9,0
1907,22,0
1908,19,0
1909,25,0
1910,18,0
1911,39,0
1912,40,1
1913,50,1
1914,69,2
1915,82,3
1916,89,4
1917,87,4
1918,88,5
1919,64,4
1920,86,6
1921,100,10
1922,85,11
1923,77,13
1924,85,17
1925,95,22
1926,99,26
1927,88,25
1928,92,29
1929,83,29
1930,91,35
1931,110,45
1932,94,41
1933,73,34
1934,125,62
1935,136,72
1936,102,57
1937,80,47
1938,100,62
1939,77,50
1940,77,52
1941,77,53
1942,56,40
1943,69,50
1944,58,43
1945,57,43
1946,46,36
1947,66,52
1948,52,42
1949,59,49
1950,48,41
1951,47,40
1952,50,43
1953,63,55
1954,51,45
1955,52,46
1956,36,32
1957,32,29
1958,25,23
1959,31,28
1960,21,19
1961,20,18
1962,15,14
1963,12,11
1964,11,10
1965,0,0
1966,17,16
1967,18,17
1968,14,13
1969,12,11
1970,9,9
1971,11,11
1972,10,10
1973,8,8
1974,8,8
1975,6,6
1976,0,0
1977,5,5
1978,7,7
1979,5,5
1980,7,7