YOB,Born,Alive
1900,6,0
1901,5,0
1902,0,0
1903,0,0
1904,0,0
1905,0,0
1906,0,0
1907,0,0
1908,0,0
1909,6,0
1910,5,0
1911,7,0
1912,7,0
1913,8,0
1914,8,0
1915,15,1
1916,15,1
1917,7,0
1918,10,1
1919,19,1
1920,18,1
1921,19,2
1922,20,3
1923,13,2
1924,29,6
1925,13,3
1926,18,5
1927,32,9
1928,49,16
1929,64,22
1930,38,15
1931,38,16
1932,28,12
1933,34,16
1934,30,15
1935,40,21
1936,36,20
1937,34,20
1938,31,19
1939,36,23
1940,34,23
1941,30,21
1942,46,33
1943,35,25
1944,24,18
1945,30,23
1946,29,23
1947,26,21
1948,33,27
1949,22,18
1950,19,16
1951,22,19
1952,22,19
1953,18,16
1954,17,15
1955,17,15
1956,13,12
1957,10,9
1958,16,14
1959,10,9
1960,17,16
1961,10,9
1962,13,12
1963,12,11
1964,13,12
1965,11,10
1966,13,12
1967,10,9
1968,12,11
1969,9,9
1970,13,12
1971,10,10
1972,6,6
1973,7,7
1974,0,0
1975,6,6
1976,8,8
1977,10,10
1978,5,5
1979,8,8
1980,6,6
1981,8,8
1982,6,6
1983,8,8
1984,9,9
1985,0,0
1986,9,9
1987,0,0
1988,8,8
1989,10,10
1990,8,8
1991,10,10
1992,7,7
1993,10,10
1994,10,10
1995,5,5
1996,6,6
1997,10,10
1998,14,14
1999,8,8
2000,12,12
2001,8,8
2002,13,13
2003,12,12
2004,12,12
2005,20,20
2006,13,13
2007,16,16
2008,22,22
2009,28,28
2010,30,30
2011,38,38
2012,65,65
2013,58,58