YOB,Born,Alive
1900,0,0
1901,0,0
1902,0,0
1903,0,0
1904,0,0
1905,0,0
1906,0,0
1907,0,0
1908,0,0
1909,0,0
1910,0,0
1911,0,0
1912,0,0
1913,0,0
1914,0,0
1915,6,0
1916,0,0
1917,6,0
1918,0,0
1919,6,0
1920,7,0
1921,7,0
1922,9,1
1923,0,0
1924,11,1
1925,9,1
1926,12,2
1927,10,2
1928,10,2
1929,23,5
1930,16,4
1931,12,3
1932,13,4
1933,12,4
1934,21,8
1935,20,8
1936,14,6
1937,11,5
1938,8,4
1939,17,9
1940,10,5
1941,14,8
1942,18,11
1943,12,7
1944,14,9
1945,21,14
1946,16,11
1947,9,6
1948,18,13
1949,18,13
1950,23,17
1951,20,15
1952,30,23
1953,22,17
1954,16,13
1955,17,14
1956,25,20
1957,23,19
1958,22,18
1959,24,20
1960,20,17
1961,23,20
1962,24,21
1963,24,21
1964,24,21
1965,25,22
1966,29,26
1967,21,19
1968,24,22
1969,28,26
1970,31,29
1971,48,44
1972,34,32
1973,54,50
1974,48,45
1975,42,39
1976,66,62
1977,46,44
1978,57,54
1979,76,72
1980,82,79
1981,83,80
1982,91,87
1983,86,83
1984,97,94
1985,95,92
1986,100,97
1987,94,91
1988,112,109
1989,144,140
1990,157,153
1991,165,161
1992,178,174
1993,192,188
1994,195,191
1995,237,233
1996,288,283
1997,253,249
1998,338,333
1999,332,328
2000,364,360
2001,435,431
2002,400,396
2003,382,378
2004,485,481
2005,474,470
2006,479,475
2007,519,515
2008,548,544
2009,568,564
2010,526,522
2011,473,470
2012,513,510
2013,493,490